#E - dE_lo - dE_up - y - dy_lo - dy_up
1.10755e+03 0.00000e+00 0.00000e+00 2.17536e-04 6.46729e-05 7.64316e-05
1.40564e+03 0.00000e+00 0.00000e+00 1.94996e-04 5.79718e-05 6.85121e-05
1.87745e+03 0.00000e+00 0.00000e+00 1.72890e-04 5.13996e-05 6.07450e-05
2.46528e+03 0.00000e+00 0.00000e+00 1.51622e-04 4.50768e-05 5.32725e-05
3.18253e+03 0.00000e+00 0.00000e+00 1.34801e-04 4.00760e-05 4.73625e-05
4.17900e+03 0.00000e+00 0.00000e+00 1.20503e-04 3.58253e-05 4.23390e-05
5.58168e+03 0.00000e+00 0.00000e+00 1.06259e-04 3.15906e-05 3.73344e-05
7.45518e+03 0.00000e+00 0.00000e+00 9.55102e-05 2.83949e-05 3.35576e-05
1.04793e+04 0.00000e+00 0.00000e+00 8.33042e-05 2.47661e-05 2.92691e-05
1.55020e+04 0.00000e+00 0.00000e+00 7.36585e-05 2.18985e-05 2.58800e-05
2.41337e+04 0.00000e+00 0.00000e+00 6.25121e-05 1.85847e-05 2.19637e-05
4.16125e+04 0.00000e+00 0.00000e+00 5.21891e-05 1.55157e-05 1.83367e-05
6.81776e+04 0.00000e+00 0.00000e+00 4.34517e-05 1.29181e-05 1.52668e-05
9.42154e+04 0.00000e+00 0.00000e+00 3.77952e-05 1.12364e-05 1.32794e-05
1.23715e+05 0.00000e+00 0.00000e+00 3.31458e-05 9.85417e-06 1.16458e-05
1.46676e+05 0.00000e+00 0.00000e+00 3.03687e-05 9.02852e-06 1.06701e-05
