#E - dE_lo - dE_up - y - dy_lo - dy_up
1.01717e+03 0.00000e+00 0.00000e+00 3.33275e-04 9.08932e-05 1.09072e-04
1.31310e+03 0.00000e+00 0.00000e+00 2.95493e-04 8.05891e-05 9.67069e-05
1.63839e+03 0.00000e+00 0.00000e+00 2.67789e-04 7.30332e-05 8.76399e-05
2.04426e+03 0.00000e+00 0.00000e+00 2.40041e-04 6.54656e-05 7.85588e-05
2.73042e+03 0.00000e+00 0.00000e+00 2.10513e-04 5.74127e-05 6.88953e-05
3.46530e+03 0.00000e+00 0.00000e+00 1.86648e-04 5.09040e-05 6.10848e-05
4.78875e+03 0.00000e+00 0.00000e+00 1.62350e-04 4.42773e-05 5.31328e-05
6.50592e+03 0.00000e+00 0.00000e+00 1.40830e-04 3.84082e-05 4.60898e-05
9.30201e+03 0.00000e+00 0.00000e+00 1.20833e-04 3.29546e-05 3.95455e-05
1.35282e+04 0.00000e+00 0.00000e+00 1.02268e-04 2.78913e-05 3.34696e-05
2.00122e+04 0.00000e+00 0.00000e+00 8.65553e-05 2.36060e-05 2.83272e-05
2.76551e+04 0.00000e+00 0.00000e+00 7.50821e-05 2.04769e-05 2.45723e-05
3.75717e+04 0.00000e+00 0.00000e+00 6.56662e-05 1.79090e-05 2.14908e-05
5.19209e+04 0.00000e+00 0.00000e+00 5.61883e-05 1.53241e-05 1.83889e-05
7.23635e+04 0.00000e+00 0.00000e+00 4.66536e-05 1.27237e-05 1.52684e-05
9.83119e+04 0.00000e+00 0.00000e+00 3.82108e-05 1.04211e-05 1.25054e-05
