#E - dE_lo - dE_up - y - dy_lo - dy_up
1.46780e+03 4.67799e+02 6.86635e+02 1.55454e-03 3.10909e-03 0.00000e+00
3.16228e+03 1.00784e+03 1.47931e+03 3.37953e-03 6.75905e-03 0.00000e+00
6.81292e+03 2.17133e+03 3.18708e+03 1.16452e-03 5.99109e-04 6.17505e-04
1.46780e+04 4.67799e+03 6.86635e+03 1.32411e-03 2.73100e-04 2.86479e-04
3.16228e+04 1.00784e+04 1.47931e+04 1.65292e-03 2.03121e-04 2.15251e-04
6.81292e+04 2.17133e+04 3.18708e+04 1.00308e-03 1.50808e-04 1.71753e-04
1.46780e+05 4.67799e+04 6.86635e+04 4.64736e-04 1.06324e-04 1.49188e-04
3.16228e+05 1.00784e+05 1.47931e+05 2.08819e-04 4.17638e-04 0.00000e+00
6.81292e+05 2.17133e+05 3.18708e+05 1.78048e-04 5.66118e-05 1.25805e-04
1.46780e+06 4.67799e+05 6.86635e+05 9.80165e-05 5.57734e-05 1.04571e-04
3.16228e+06 1.00784e+06 1.47931e+06 6.57608e-05 1.31522e-04 0.00000e+00
6.81292e+06 2.17133e+06 3.18708e+06 7.51194e-05 4.71187e-05 5.85082e-05
3.16228e+07 2.16228e+07 6.83772e+07 2.28723e-04 4.57446e-04 0.00000e+00
