#E - dE_lo - dE_up - y - dy_lo - dy_up
3.16228e+02 2.16228e+02 6.83772e+02 8.12852e-03 1.62570e-02 0.00000e+00
1.46780e+03 4.67799e+02 6.86635e+02 4.40425e-03 8.80850e-03 0.00000e+00
3.16228e+03 1.00784e+03 1.47931e+03 1.12488e-03 2.24977e-03 0.00000e+00
6.81292e+03 2.17133e+03 3.18708e+03 9.31628e-04 6.04733e-04 5.49595e-04
1.46780e+04 4.67799e+03 6.86635e+03 1.08686e-03 2.14726e-04 3.56765e-04
3.16228e+04 1.00784e+04 1.47931e+04 1.37461e-03 1.55532e-04 1.62296e-04
6.81292e+04 2.17133e+04 3.18708e+04 6.15972e-04 1.28432e-04 1.16431e-04
1.46780e+05 4.67799e+04 6.86635e+04 5.45516e-04 1.14038e-04 1.16186e-04
3.16228e+05 1.00784e+05 1.47931e+05 1.21826e-04 2.43652e-04 0.00000e+00
6.81292e+05 2.17133e+05 3.18708e+05 2.53783e-04 1.22137e-04 1.27960e-04
1.46780e+06 4.67799e+05 6.86635e+05 1.27754e-04 7.91380e-05 1.16181e-04
3.16228e+06 1.00784e+06 1.47931e+06 6.04176e-05 1.20835e-04 0.00000e+00
6.81292e+06 2.17133e+06 3.18708e+06 2.58118e-05 5.16237e-05 0.00000e+00
3.16228e+07 2.16228e+07 6.83772e+07 1.03776e-04 2.07552e-04 0.00000e+00
