#E - dE_lo - dE_up - y - dy_lo - dy_up
1.26000e+04 2.60000e+03 3.24893e+03 1.04940e-03 1.58958e-04 1.58958e-04
2.00000e+04 4.15107e+03 5.11886e+03 7.60000e-04 1.08074e-04 1.08074e-04
3.16000e+04 6.48114e+03 8.21072e+03 3.60480e-04 5.24220e-05 5.24220e-05
5.01000e+04 1.02893e+04 1.29957e+04 2.32427e-04 4.32633e-05 4.32633e-05
7.94000e+04 1.63043e+04 2.06000e+04 1.27348e-04 2.45547e-05 2.45547e-05
1.25900e+05 2.59000e+04 3.25893e+04 8.06806e-05 1.47549e-05 1.48559e-05
1.99500e+05 4.10107e+04 5.16886e+04 7.72125e-05 9.88618e-06 9.88618e-06
3.16200e+05 6.50114e+04 8.19072e+04 3.99930e-05 8.62635e-06 8.77114e-06
5.01200e+05 1.03093e+05 1.29757e+05 4.06946e-05 1.31515e-05 1.33987e-05
7.94300e+05 1.63343e+05 2.05700e+05 1.79810e-05 1.05098e-05 1.09368e-05
