#Source: SSDC
#Ref: 10.1103/PhysRevLett.129.101102 (2022PhRvL.129j1102A)
#Experiment: CALET
#Y Quantity: H
#X Quantity: kineticEnergy
#Url: https://tools.ssdc.asi.it/CosmicRays/
#Comments: 
#Colums: x, y, y statistical errors, y systematic errors
5.614e+01 2.180e-01 1.000e-03 1.000e-03 1.350e-02 1.350e-02 
7.067e+01 1.160e-01 1.000e-03 1.000e-03 7.800e-03 7.800e-03 
8.897e+01 6.060e-02 5.000e-04 5.000e-04 4.140e-03 4.380e-03 
1.121e+02 3.150e-02 3.000e-04 3.000e-04 2.300e-03 2.470e-03 
1.413e+02 1.630e-02 2.000e-04 2.000e-04 1.220e-03 1.300e-03 
1.781e+02 8.560e-03 1.200e-04 1.200e-04 6.100e-04 6.520e-04 
2.237e+02 4.460e-03 8.000e-05 8.000e-05 3.080e-04 3.240e-04 
2.812e+02 2.350e-03 5.000e-05 5.000e-05 1.640e-04 1.720e-04 
3.541e+02 1.250e-03 1.000e-05 1.000e-05 1.210e-04 7.100e-05 
4.459e+02 6.590e-04 8.000e-06 8.000e-06 6.030e-05 3.680e-05 
5.614e+02 3.510e-04 4.000e-06 4.000e-06 3.130e-05 1.980e-05 
7.067e+02 1.910e-04 2.000e-06 2.000e-06 1.700e-05 1.200e-05 
8.897e+02 1.040e-04 1.000e-06 1.000e-06 8.900e-06 6.400e-06 
1.121e+03 5.640e-05 7.000e-07 7.000e-07 4.700e-06 4.020e-06 
1.413e+03 3.090e-05 4.000e-07 4.000e-07 2.300e-06 2.300e-06 
1.781e+03 1.730e-05 2.000e-07 2.000e-07 1.220e-06 1.220e-06 
2.237e+03 9.740e-06 1.500e-07 1.500e-07 6.480e-07 6.800e-07 
2.812e+03 5.370e-06 9.000e-08 9.000e-08 3.410e-07 4.130e-07 
3.541e+03 2.960e-06 6.000e-08 6.000e-08 1.840e-07 2.420e-07 
4.459e+03 1.630e-06 3.000e-08 3.000e-08 1.060e-07 1.570e-07 
5.614e+03 9.030e-07 2.200e-08 2.200e-08 6.630e-08 1.020e-07 
7.067e+03 5.090e-07 1.400e-08 1.400e-08 4.250e-08 6.260e-08 
8.897e+03 2.810e-07 9.000e-09 9.000e-09 2.680e-08 3.610e-08 
1.121e+04 1.480e-07 6.000e-09 6.000e-09 1.430e-08 1.800e-08 
1.413e+04 7.610e-08 3.600e-09 3.600e-09 7.110e-09 8.670e-09 
1.781e+04 3.800e-08 2.200e-09 2.200e-09 3.480e-09 3.670e-09 
2.237e+04 1.940e-08 1.400e-09 1.400e-09 2.250e-09 1.700e-09 
3.141e+04 7.510e-09 6.900e-10 6.900e-10 1.230e-09 7.380e-10 
4.981e+04 2.010e-09 2.400e-10 2.400e-10 5.560e-10 4.080e-10 
