#Source: CRDB
#Ref: 10.3847/1538-4357/aa68e4 (2017ApJ...839....5Y)
#Experiment: CREAM (III)
#Y Quantity: H
#X Quantity: kineticEnergy
#Url: https://lpsc.in2p3.fr/crdb
#Comments: 
#Colums: x, y, y statistical errors, y systematic errors
1.979e+05 4.400e-11 2.200e-11 2.700e-11 1.514e-12 1.514e-12 
1.249e+05 1.700e-10 7.000e-11 8.000e-11 5.848e-12 5.848e-12 
7.895e+04 6.000e-10 1.400e-10 1.600e-10 2.064e-11 2.064e-11 
4.981e+04 2.100e-09 4.000e-10 5.000e-10 7.224e-11 7.224e-11 
3.141e+04 8.200e-09 1.100e-09 1.100e-09 2.821e-10 2.821e-10 
1.979e+04 3.040e-08 2.700e-09 2.700e-09 1.046e-09 1.046e-09 
1.249e+04 1.050e-07 6.000e-09 6.000e-09 3.612e-09 3.612e-09 
7.895e+03 3.460e-07 2.000e-09 2.000e-09 1.190e-08 1.190e-08 
4.981e+03 1.140e-06 3.000e-08 3.000e-08 3.922e-08 3.922e-08 
3.141e+03 3.720e-06 7.000e-08 7.000e-08 1.280e-07 1.280e-07 
1.979e+03 1.210e-05 2.000e-07 2.000e-07 4.162e-07 4.162e-07 
1.249e+03 4.070e-05 5.000e-07 5.000e-07 1.400e-06 1.400e-06 
