#Source: SSDC
#Ref: 10.1126/sciadv.aax3793 (2019SciA....5.3793A)
#Experiment: DAMPE
#Y Quantity: H
#X Quantity: kineticEnergy
#Url: https://tools.ssdc.asi.it/CosmicRays/
#Comments: 
#Colums: x, y, y statistical errors, y systematic errors
4.981e+01 2.970e-01 0.000e+00 0.000e+00 2.400e-02 2.400e-02 
7.895e+01 8.430e-02 0.000e+00 0.000e+00 6.900e-03 6.900e-03 
1.251e+02 2.380e-02 0.000e+00 0.000e+00 1.900e-03 1.900e-03 
1.983e+02 6.640e-03 0.000e+00 0.000e+00 5.400e-04 5.400e-04 
3.143e+02 1.890e-03 0.000e+00 0.000e+00 1.500e-04 1.500e-04 
4.981e+02 5.390e-04 1.000e-06 1.000e-06 4.400e-05 4.400e-05 
7.895e+02 1.600e-04 0.000e+00 0.000e+00 1.300e-05 1.300e-05 
1.251e+03 4.810e-05 1.000e-07 1.000e-07 4.000e-06 4.000e-06 
1.983e+03 1.450e-05 1.000e-07 1.000e-07 1.500e-06 1.500e-06 
3.143e+03 4.450e-06 2.000e-08 2.000e-08 4.900e-07 4.900e-07 
4.981e+03 1.360e-06 1.000e-08 1.000e-08 1.400e-07 1.400e-07 
7.895e+03 4.060e-07 4.000e-09 4.000e-09 4.400e-08 4.400e-08 
1.251e+04 1.200e-07 2.000e-09 2.000e-09 1.300e-08 1.300e-08 
1.983e+04 3.350e-08 7.000e-10 7.000e-10 3.700e-09 3.700e-09 
3.143e+04 9.030e-09 2.600e-10 2.600e-10 1.010e-09 1.010e-09 
4.981e+04 2.470e-09 1.100e-10 1.100e-10 1.900e-10 1.900e-10 
7.895e+04 6.500e-10 4.000e-11 4.000e-11 8.100e-11 8.100e-11 
