#Source: CRDB
#Ref: 10.1103/PhysRevLett.114.171103 (2015PhRvL.114q1103A)
#Experiment: AMS-02
#Quantity: H
#Units: kinetic energy
#Url: https://lpsc.in2p3.fr/crdb
#Comments: converted from original table
1.10994e+02 3.29412e-02 4.75201e-04 4.75201e-04 7.00025e-05 7.00025e-05 
1.02989e+02 4.08517e-02 5.84233e-04 5.84233e-04 7.00029e-05 7.00029e-05 
9.55025e+01 5.02624e-02 7.05795e-04 7.05795e-04 9.00043e-05 9.00043e-05 
8.87574e+01 6.14634e-02 8.55909e-04 8.55909e-04 1.00005e-04 1.00005e-04 
8.25128e+01 7.53048e-02 1.04697e-03 1.04697e-03 1.20008e-04 1.20008e-04 
7.67166e+01 9.26368e-02 1.27673e-03 1.27673e-03 1.30010e-04 1.30010e-04 
7.13207e+01 1.13210e-01 1.51340e-03 1.51340e-03 2.00017e-04 2.00017e-04 
6.62733e+01 1.39314e-01 1.91068e-03 1.91068e-03 2.00019e-04 2.00019e-04 
6.15780e+01 1.70119e-01 2.30894e-03 2.30894e-03 2.00023e-04 2.00023e-04 
5.72311e+01 2.08027e-01 2.80750e-03 2.80750e-03 2.00026e-04 2.00026e-04 
5.31844e+01 2.54938e-01 3.41372e-03 3.41372e-03 3.00045e-04 3.00045e-04 
4.93861e+01 3.12854e-01 4.21143e-03 4.21143e-03 3.00052e-04 3.00052e-04 
4.58399e+01 3.83977e-01 5.11669e-03 5.11669e-03 4.00080e-04 4.00080e-04 
4.25421e+01 4.71710e-01 6.21434e-03 6.21434e-03 4.00093e-04 4.00093e-04 
3.94444e+01 5.79456e-01 7.61849e-03 7.61849e-03 5.00135e-04 5.00135e-04 
3.65470e+01 7.13423e-01 9.31635e-03 9.31635e-03 5.00157e-04 5.00157e-04 
3.38497e+01 8.79420e-01 1.15198e-02 1.15198e-02 6.00218e-04 6.00218e-04 
3.13527e+01 1.08246e+00 1.40416e-02 1.40416e-02 1.00042e-03 1.00042e-03 
1.42522e+03 2.93300e-05 1.74270e-06 1.74270e-06 2.10000e-07 2.10000e-07 
9.62824e+02 8.57100e-05 3.58935e-06 3.58935e-06 5.30000e-07 5.30000e-07 
7.26067e+02 1.86000e-04 6.08277e-06 6.08277e-06 1.00000e-06 1.00000e-06 
5.80070e+02 3.35700e-04 9.35576e-06 9.35576e-06 1.70000e-06 1.70000e-06 
4.80230e+02 5.54501e-04 1.37481e-05 1.37481e-05 2.60001e-06 2.60001e-06 
4.07887e+02 8.69502e-04 1.98669e-05 1.98669e-05 3.80001e-06 3.80001e-06 
3.52713e+02 1.28801e-03 2.74592e-05 2.74592e-05 5.00002e-06 5.00002e-06 
3.08949e+02 1.88401e-03 3.76565e-05 3.76565e-05 7.00003e-06 7.00003e-06 
2.73596e+02 2.64701e-03 4.98200e-05 4.98200e-05 9.00005e-06 9.00005e-06 
2.44719e+02 3.60503e-03 6.60989e-05 6.60989e-05 1.20001e-05 1.20001e-05 
2.20790e+02 4.79304e-03 8.43453e-05 8.43453e-05 1.50001e-05 1.50001e-05 
2.00339e+02 6.29907e-03 1.05722e-04 1.05722e-04 1.90002e-05 1.90002e-05 
1.82366e+02 8.21211e-03 1.34976e-04 1.34976e-04 2.30003e-05 2.30003e-05 
1.66396e+02 1.06502e-02 1.72630e-04 1.72630e-04 3.00005e-05 3.00005e-05 
1.52426e+02 1.35803e-02 2.12136e-04 2.12136e-04 3.00006e-05 3.00006e-05 
1.39937e+02 1.72704e-02 2.63065e-04 2.63065e-04 4.00009e-05 4.00009e-05 
1.28969e+02 2.17406e-02 3.23891e-04 3.23891e-04 5.00013e-05 5.00013e-05 
1.19481e+02 2.69808e-02 3.94600e-04 3.94600e-04 6.00018e-05 6.00018e-05 
5.89873e+00 6.48131e+01 8.38169e-01 8.38169e-01 2.01910e-02 2.01910e-02 
5.31040e+00 7.99360e+01 1.05212e+00 1.05212e+00 2.02293e-02 2.02293e-02 
4.76754e+00 9.82471e+01 1.31829e+00 1.31829e+00 3.04139e-02 3.04139e-02 
4.26552e+00 1.20372e+02 1.62665e+00 1.62665e+00 0.00000e+00 0.00000e+00 
3.80439e+00 1.46699e+02 2.04031e+00 2.04031e+00 0.00000e+00 0.00000e+00 
3.38419e+00 1.77327e+02 2.56309e+00 2.56309e+00 1.02442e-01 1.02442e-01 
2.99978e+00 2.12930e+02 3.09064e+00 3.09064e+00 1.02964e-01 1.02964e-01 
2.64663e+00 2.54156e+02 3.83499e+00 3.83499e+00 1.03610e-01 1.03610e-01 
2.32481e+00 3.00903e+02 4.80389e+00 4.80389e+00 1.04408e-01 1.04408e-01 
2.02931e+00 3.54056e+02 5.90363e+00 5.90363e+00 1.05405e-01 1.05405e-01 
1.76084e+00 4.13584e+02 7.35953e+00 7.35953e+00 1.06649e-01 1.06649e-01 
1.51886e+00 4.78225e+02 9.19918e+00 9.19918e+00 2.16391e-01 2.16391e-01 
1.29911e+00 5.49978e+02 1.14577e+01 1.14577e+01 2.20300e-01 2.20300e-01 
1.10169e+00 6.24332e+02 1.41911e+01 1.41911e+01 2.25228e-01 2.25228e-01 
9.21961e-01 7.01655e+02 1.74898e+01 1.74898e+01 3.47411e-01 3.47411e-01 
7.60868e-01 7.71441e+02 2.12344e+01 2.12344e+01 4.79752e-01 4.79752e-01 
6.17932e-01 8.30350e+02 2.83303e+01 2.83303e+01 5.01343e-01 5.01343e-01 
4.89729e-01 8.31548e+02 3.55645e+01 3.55645e+01 1.06116e+00 1.06116e+00 
2.90039e+01 1.33566e+00 1.70378e-02 1.70378e-02 1.00049e-03 1.00049e-03 
2.68073e+01 1.65094e+00 2.10358e-02 2.10358e-02 1.00057e-03 1.00057e-03 
2.47590e+01 2.04136e+00 2.60366e-02 2.60366e-02 1.00067e-03 1.00067e-03 
2.28108e+01 2.53998e+00 3.30409e-02 3.30409e-02 1.00078e-03 1.00078e-03 
2.10149e+01 3.15388e+00 4.10863e-02 4.10863e-02 2.00183e-03 2.00183e-03 
1.93672e+01 3.89816e+00 5.00935e-02 5.00935e-02 2.00214e-03 2.00214e-03 
1.78198e+01 4.83805e+00 6.21100e-02 6.21100e-02 2.00251e-03 2.00251e-03 
1.63725e+01 6.00382e+00 7.71718e-02 7.71718e-02 3.00441e-03 3.00441e-03 
1.50256e+01 7.47292e+00 9.52119e-02 9.52119e-02 3.00519e-03 3.00519e-03 
1.37789e+01 9.28488e+00 1.18308e-01 1.18308e-01 4.00815e-03 4.00815e-03 
1.26326e+01 1.15075e+01 1.50360e-01 1.50360e-01 0.00000e+00 0.00000e+00 
1.15865e+01 1.42099e+01 1.80785e-01 1.80785e-01 1.00282e-02 1.00282e-02 
1.05885e+01 1.76385e+01 2.20960e-01 2.20960e-01 1.00333e-02 1.00333e-02 
9.64328e+00 2.19866e+01 2.81286e-01 2.81286e-01 1.00395e-02 1.00395e-02 
8.77748e+00 2.73679e+01 3.41744e-01 3.41744e-01 1.00470e-02 1.00470e-02 
7.97213e+00 3.40493e+01 4.32520e-01 4.32520e-01 1.00559e-02 1.00559e-02 
7.22726e+00 4.22800e+01 5.43693e-01 5.43693e-01 1.00667e-02 1.00667e-02 
6.53769e+00 5.23841e+01 6.75639e-01 6.75639e-01 2.01594e-02 2.01594e-02 
