# My local database
# https://pos.sissa.it/358/450
# T [GeV] flux [m-2 s-1 sr-1 GeV-1] total_error_low total_error_high
 1.803e+08  8.338e-20  8.218e-20  5.432e-20
 2.259e+08  7.195e-20  2.043e-20  1.254e-20
 2.825e+08  3.148e-20  7.375e-21  4.580e-21
 3.556e+08  1.571e-20  3.614e-21  1.524e-21
 4.457e+08  3.552e-21  1.391e-21  1.442e-21
 5.610e+08  4.120e-21  1.088e-21  3.746e-22
 7.063e+08  2.111e-21  3.442e-22  1.563e-22
 8.892e+08  1.099e-21  1.998e-22  8.082e-23
 1.117e+09  5.138e-22  7.908e-23  5.037e-23
 1.406e+09  2.457e-22  3.003e-23  3.429e-23
 1.770e+09  1.111e-22  1.872e-23  1.945e-23
 2.223e+09  4.538e-23  8.680e-24  7.209e-24
 2.805e+09  1.746e-23  4.263e-24  3.962e-24
 3.516e+09  5.638e-24  1.957e-24  3.066e-24
 4.446e+09  2.487e-24  1.237e-24  1.485e-24
 5.598e+09  6.328e-26  6.482e-26  7.066e-25
 6.998e+09  0.000e+00  3.571e-26  2.124e-25
 8.892e+09  7.421e-26  8.840e-26  1.944e-25
 1.114e+10  2.560e-26  2.572e-26  1.563e-25
 1.403e+10  0.000e+00  5.996e-27  4.880e-26
 1.762e+10  4.213e-26  5.095e-26  2.546e-26
 2.213e+10  1.914e-27  1.945e-27  9.186e-27
 2.799e+10  0.000e+00  7.493e-28  8.525e-27
 4.227e+10  0.000e+00  2.072e-28  6.118e-28
