#Source: CRDB
#Ref: 10.1016/j.astropartphys.2007.05.001 (2007APh....28..154S)
#Experiment: BESS
#Quantity: H
#Units: kinetic Energy
#Url: https://lpsc.in2p3.fr/crdb
#Comments: converted from original table
4.29735e+01 4.84000e-01 2.18403e-02 2.18403e-02 6.00000e-03 6.00000e-03 
3.68399e+01 7.17000e-01 3.10483e-02 3.10483e-02 8.00000e-03 8.00000e-03 
3.16090e+01 1.09000e+00 4.12311e-02 4.12311e-02 1.00000e-02 1.00000e-02 
2.71188e+01 1.62000e+00 6.08276e-02 6.08276e-02 1.00000e-02 1.00000e-02 
2.32304e+01 2.48000e+00 1.01980e-01 1.01980e-01 2.00000e-02 2.00000e-02 
1.99437e+01 3.53000e+00 1.43178e-01 1.43178e-01 3.00000e-02 3.00000e-02 
1.70968e+01 5.21000e+00 1.92354e-01 1.92354e-01 3.00000e-02 3.00000e-02 
1.46588e+01 7.49000e+00 2.72947e-01 2.72947e-01 4.00000e-02 4.00000e-02 
1.26143e+01 1.09000e+01 4.12311e-01 4.12311e-01 1.00000e-01 1.00000e-01 
1.08167e+01 1.55000e+01 5.09902e-01 5.09902e-01 1.00000e-01 1.00000e-01 
9.26283e+00 2.22000e+01 6.70820e-01 6.70820e-01 3.00000e-01 3.00000e-01 
5.01023e+01 3.15000e-01 1.48661e-02 1.48661e-02 5.00000e-03 5.00000e-03 
5.84270e+01 2.07000e-01 9.48683e-03 9.48683e-03 3.00000e-03 3.00000e-03 
6.81481e+01 1.34000e-01 6.70820e-03 6.70820e-03 3.00000e-03 3.00000e-03 
7.94662e+01 9.09000e-02 4.70106e-03 4.70106e-03 1.90000e-03 1.90000e-03 
9.26283e+01 5.75000e-02 3.13050e-03 3.13050e-03 1.40000e-03 1.40000e-03 
1.12250e+02 3.43000e-02 2.10950e-03 2.10950e-03 1.10000e-03 1.10000e-03 
1.41096e+02 1.98000e-02 1.30384e-03 1.30384e-03 7.00000e-04 7.00000e-04 
1.77764e+02 1.00000e-02 7.81025e-04 7.81025e-04 5.00000e-04 5.00000e-04 
2.24054e+02 5.42000e-03 4.60109e-04 4.60109e-04 3.10000e-04 3.10000e-04 
2.81631e+02 2.46000e-03 2.54951e-04 2.54951e-04 1.90000e-04 1.90000e-04 
3.54638e+02 1.62000e-03 1.97990e-04 1.97990e-04 1.40000e-04 1.40000e-04 
4.64024e+02 7.47000e-04 1.04139e-04 1.04139e-04 6.90000e-05 6.90000e-05 
2.32304e-01 2.22000e+02 1.80278e+01 1.80278e+01 6.00000e+00 6.00000e+00 
2.71188e-01 2.55000e+02 1.77200e+01 1.77200e+01 5.00000e+00 5.00000e+00 
3.16553e-01 2.81000e+02 1.77200e+01 1.77200e+01 5.00000e+00 5.00000e+00 
3.68939e-01 3.04000e+02 1.67631e+01 1.67631e+01 5.00000e+00 5.00000e+00 
4.29735e-01 3.21000e+02 1.67631e+01 1.67631e+01 5.00000e+00 5.00000e+00 
5.01023e-01 3.28000e+02 1.55242e+01 1.55242e+01 4.00000e+00 4.00000e+00 
5.84270e-01 3.51000e+02 1.45602e+01 1.45602e+01 4.00000e+00 4.00000e+00 
6.81481e-01 3.52000e+02 1.36015e+01 1.36015e+01 4.00000e+00 4.00000e+00 
7.94662e-01 3.46000e+02 1.26491e+01 1.26491e+01 4.00000e+00 4.00000e+00 
9.26283e-01 3.37000e+02 1.14018e+01 1.14018e+01 3.00000e+00 3.00000e+00 
1.08167e+00 3.28000e+02 1.14018e+01 1.14018e+01 3.00000e+00 3.00000e+00 
1.26143e+00 3.05000e+02 1.04403e+01 1.04403e+01 3.00000e+00 3.00000e+00 
7.94662e+00 3.11000e+01 9.84886e-01 9.84886e-01 4.00000e-01 4.00000e-01 
6.81481e+00 4.30000e+01 1.30000e+00 1.30000e+00 5.00000e-01 5.00000e-01 
5.84270e+00 5.59000e+01 1.70880e+00 1.70880e+00 6.00000e-01 6.00000e-01 
5.01023e+00 7.30000e+01 2.21359e+00 2.21359e+00 7.00000e-01 7.00000e-01 
4.29735e+00 9.34000e+01 2.84605e+00 2.84605e+00 9.00000e-01 9.00000e-01 
3.68939e+00 1.17000e+02 3.16228e+00 3.16228e+00 1.00000e+00 1.00000e+00 
3.16553e+00 1.43000e+02 4.12311e+00 4.12311e+00 1.00000e+00 1.00000e+00 
2.71188e+00 1.72000e+02 5.09902e+00 5.09902e+00 1.00000e+00 1.00000e+00 
2.32304e+00 2.05000e+02 6.32456e+00 6.32456e+00 2.00000e+00 2.00000e+00 
1.99437e+00 2.36000e+02 7.28011e+00 7.28011e+00 2.00000e+00 2.00000e+00 
1.70968e+00 2.64000e+02 8.24621e+00 8.24621e+00 2.00000e+00 2.00000e+00 
1.46588e+00 2.87000e+02 9.48683e+00 9.48683e+00 3.00000e+00 3.00000e+00 
