# CRDB Database lpsc.in2p3.fr/cosmic-rays-db
# https://ui.adsabs.harvard.edu/abs/2017ApJ...839....5Y
# T [GeV] flux [m-2 s-1 sr-1 GeV-1] total_error_low total_error_high
1.97911e+05   4.40000e-11   2.20520e-11   2.70424e-11   
1.24938e+05   1.70000e-10   7.02439e-11   8.02135e-11   
7.89491e+04   6.00000e-10   1.41513e-10   1.61326e-10   
4.98063e+04   2.10000e-09   4.06471e-10   5.05192e-10   
3.14127e+04   8.20000e-09   1.13559e-09   1.13559e-09   
1.97911e+04   3.04000e-08   2.89545e-09   2.89545e-09   
1.24938e+04   1.05000e-07   7.00332e-09   7.00332e-09   
7.89491e+03   3.46000e-07   1.20693e-08   1.20693e-08   
4.98063e+03   1.14000e-06   4.93750e-08   4.93750e-08   
3.14127e+03   3.72000e-06   1.45862e-07   1.45862e-07   
1.97911e+03   1.21000e-05   4.61796e-07   4.61796e-07   
1.24938e+03   4.07000e-05   1.48668e-06   1.48668e-06   
