#Source: CRDB
#Ref: 10.3847/1538-4357/aa68e4 (2017ApJ...839....5Y)
#Experiment: CREAM-III
#Quantity: H
#Units: kinetic Energy
#Url: https://lpsc.in2p3.fr/crdb
#Comments: Table 3
1.99143e+05 4.40000e-11 2.20520e-11 2.70424e-11 2.20000e-11 2.20000e-11 
1.25698e+05 1.70000e-10 7.02439e-11 8.02135e-11 7.00000e-11 7.00000e-11 
7.94355e+04 6.00000e-10 1.41513e-10 1.61326e-10 1.40000e-10 1.40000e-10 
5.01137e+04 2.10000e-09 4.06471e-10 5.05192e-10 4.00000e-10 4.00000e-10 
3.16066e+04 8.20000e-09 1.13559e-09 1.13559e-09 1.10000e-09 1.10000e-09 
1.99143e+04 3.04000e-08 2.89545e-09 2.89545e-09 2.70000e-09 2.70000e-09 
1.25698e+04 1.05000e-07 7.00332e-09 7.00332e-09 6.00000e-09 6.00000e-09 
7.94355e+03 3.46000e-07 1.20693e-08 1.20693e-08 2.00000e-09 2.00000e-09 
5.01137e+03 1.14000e-06 4.93750e-08 4.93750e-08 3.00000e-08 3.00000e-08 
3.16066e+03 3.72000e-06 1.45862e-07 1.45862e-07 7.00000e-08 7.00000e-08 
1.99143e+03 1.21000e-05 4.61796e-07 4.61796e-07 2.00000e-07 2.00000e-07 
1.25698e+03 4.07000e-05 1.48668e-06 1.48668e-06 5.00000e-07 5.00000e-07 
