#Source: SSDC
#Ref: 10.1126/sciadv.aax3793 (2019SciA....5.3793A)
#Experiment: DAMPE
#Quantity: H
#Units: kinetic Energy
#Url: https://tools.ssdc.asi.it/CosmicRays/
#Comments: 
5.01137e+01 2.97000e-01 2.40000e-02 2.40000e-02 0.00000e+00 0.00000e+00 
7.94355e+01 8.43000e-02 6.90000e-03 6.90000e-03 0.00000e+00 0.00000e+00 
1.25897e+02 2.38000e-02 1.90000e-03 1.90000e-03 0.00000e+00 0.00000e+00 
1.99537e+02 6.64000e-03 5.40000e-04 5.40000e-04 0.00000e+00 0.00000e+00 
3.16232e+02 1.89000e-03 1.50000e-04 1.50000e-04 0.00000e+00 0.00000e+00 
5.01200e+02 5.39000e-04 4.40114e-05 4.40114e-05 1.00000e-06 1.00000e-06 
7.94355e+02 1.60000e-04 1.30000e-05 1.30000e-05 0.00000e+00 0.00000e+00 
1.25897e+03 4.81000e-05 4.00125e-06 4.00125e-06 1.00000e-07 1.00000e-07 
1.99537e+03 1.45000e-05 1.50333e-06 1.50333e-06 1.00000e-07 1.00000e-07 
3.16232e+03 4.45000e-06 4.90408e-07 4.90408e-07 2.00000e-08 2.00000e-08 
5.01200e+03 1.36000e-06 1.40357e-07 1.40357e-07 1.00000e-08 1.00000e-08 
7.94355e+03 4.06000e-07 4.41814e-08 4.41814e-08 4.00000e-09 4.00000e-09 
1.25897e+04 1.20000e-07 1.31529e-08 1.31529e-08 2.00000e-09 2.00000e-09 
1.99537e+04 3.35000e-08 3.76563e-09 3.76563e-09 7.00000e-10 7.00000e-10 
3.16232e+04 9.03000e-09 1.04293e-09 1.04293e-09 2.60000e-10 2.60000e-10 
5.01200e+04 2.47000e-09 2.19545e-10 2.19545e-10 1.10000e-10 1.10000e-10 
7.94355e+04 6.50000e-10 9.03383e-11 9.03383e-11 4.00000e-11 4.00000e-11 
