# SSDC Cosmic Ray Database tools.asdc.asi.it/CosmicRays
# https://ui.adsabs.harvard.edu/abs/2019SciA....5.3793A
# T [GeV] flux [m-2 s-1 sr-1 GeV-1] total_error_low total_error_high
4.98063e+01   2.97000e-01   2.40000e-02   2.40000e-02   
7.89491e+01   8.43000e-02   6.90000e-03   6.90000e-03   
1.25125e+02   2.38000e-02   1.90000e-03   1.90000e-03   
1.98315e+02   6.64000e-03   5.40000e-04   5.40000e-04   
3.14296e+02   1.89000e-03   1.50000e-04   1.50000e-04   
4.98129e+02   5.39000e-04   4.40114e-05   4.40114e-05   
7.89491e+02   1.60000e-04   1.30000e-05   1.30000e-05   
1.25125e+03   4.81000e-05   4.00125e-06   4.00125e-06   
1.98315e+03   1.45000e-05   1.50333e-06   1.50333e-06   
3.14296e+03   4.45000e-06   4.90408e-07   4.90408e-07   
4.98129e+03   1.36000e-06   1.40357e-07   1.40357e-07   
7.89491e+03   4.06000e-07   4.41814e-08   4.41814e-08   
1.25122e+04   1.20000e-07   1.31529e-08   1.31529e-08   
1.98305e+04   3.35000e-08   3.76563e-09   3.76563e-09   
3.14293e+04   9.03000e-09   1.04293e-09   1.04293e-09   
4.98121e+04   2.47000e-09   2.19545e-10   2.19545e-10   
7.89465e+04   6.50000e-10   9.03383e-11   9.03383e-11   
