#Source: KCDC
#Ref: 10.1103/PhysRevD.100.082002 (2019PhRvD.100h2002A)
#Experiment: ICECUBE-ICETOP
#Quantity: H
#Units: total energy
#Url: https://kcdc.ikp.kit.edu/spectra/
#Comments: Sibyll-2.1 only
3.54813e+06 2.79060e-14 4.47860e-15 4.47860e-15 0.00000e+00 0.00000e+00 
4.46684e+06 1.34960e-14 1.69660e-15 1.69660e-15 0.00000e+00 0.00000e+00 
5.62341e+06 7.83790e-15 1.05550e-15 1.05550e-15 0.00000e+00 0.00000e+00 
7.07946e+06 3.45630e-15 5.42150e-16 5.42150e-16 0.00000e+00 0.00000e+00 
8.91251e+06 1.39320e-15 2.01420e-16 2.01420e-16 0.00000e+00 0.00000e+00 
1.12202e+07 6.68440e-16 1.46200e-16 1.46200e-16 0.00000e+00 0.00000e+00 
1.41254e+07 2.65610e-16 6.01320e-17 6.01320e-17 0.00000e+00 0.00000e+00 
1.77828e+07 1.04010e-16 2.29970e-17 2.29970e-17 0.00000e+00 0.00000e+00 
2.23872e+07 5.29120e-17 1.55630e-17 1.55630e-17 0.00000e+00 0.00000e+00 
2.81838e+07 3.17220e-17 8.06690e-18 8.06690e-18 0.00000e+00 0.00000e+00 
3.54813e+07 1.29370e-17 4.04820e-18 4.04820e-18 0.00000e+00 0.00000e+00 
4.46684e+07 8.20460e-18 1.60890e-18 1.60890e-18 0.00000e+00 0.00000e+00 
5.62341e+07 2.53610e-18 6.46210e-19 6.46210e-19 0.00000e+00 0.00000e+00 
7.07946e+07 1.19370e-18 3.79410e-19 3.79410e-19 0.00000e+00 0.00000e+00 
8.91251e+07 8.31810e-19 2.95670e-19 2.95670e-19 0.00000e+00 0.00000e+00 
1.25893e+08 2.42170e-19 1.11760e-19 1.11760e-19 0.00000e+00 0.00000e+00 
1.99526e+08 5.25700e-20 1.78140e-20 1.78140e-20 0.00000e+00 0.00000e+00 
3.16228e+08 1.34010e-20 4.36910e-21 4.36910e-21 0.00000e+00 0.00000e+00 
5.01187e+08 3.56170e-21 2.82480e-21 2.82480e-21 0.00000e+00 0.00000e+00 
7.94328e+08 1.63610e-23 1.63610e-23 1.63610e-23 0.00000e+00 0.00000e+00 
