# My local database
# 
# T [GeV] flux [m-2 s-1 sr-1 GeV-1] total_error_low total_error_high
 3.548e+06  2.791e-14  6.500e-15  1.331e-14
 4.467e+06  1.350e-14  2.425e-15  6.593e-15
 5.623e+06  7.838e-15  1.518e-15  3.977e-15
 7.079e+06  3.456e-15  7.815e-16  2.085e-15
 8.913e+06  1.393e-15  2.885e-16  8.103e-16
 1.122e+07  6.684e-16  2.131e-16  4.359e-16
 1.413e+07  2.656e-16  8.743e-17  1.870e-16
 1.778e+07  1.040e-16  3.260e-17  6.829e-17
 2.239e+07  5.291e-17  2.283e-17  3.993e-17
 2.818e+07  3.172e-17  1.173e-17  2.360e-17
 3.548e+07  1.294e-17  5.777e-18  1.155e-17
 4.467e+07  8.205e-18  1.906e-18  5.099e-18
 5.623e+07  2.536e-18  9.459e-19  1.334e-18
 7.079e+07  1.194e-18  5.739e-19  8.816e-19
 8.913e+07  8.318e-19  3.920e-19  6.920e-19
 1.259e+08  2.422e-19  1.321e-19  1.824e-19
 1.995e+08  5.257e-20  2.387e-20  4.073e-20
 3.162e+08  1.340e-20  5.965e-21  7.675e-21
 5.012e+08  3.562e-21  4.356e-21  4.054e-21
 7.943e+08  1.600e-23  2.319e-21  1.600e-23
