# My local database
# https://pos.sissa.it/301/316
# T [GeV] flux [m-2 s-1 sr-1 GeV-1] total_error_low total_error_high
 3.758e+07  5.322e-18  9.487e-20  9.487e-20
 5.309e+07  1.960e-18  4.844e-20  4.844e-20
 7.499e+07  9.981e-19  2.908e-20  2.908e-20
 1.059e+08  3.452e-19  1.439e-20  1.439e-20
 1.496e+08  1.398e-19  7.707e-21  7.707e-21
 2.113e+08  6.420e-20  4.394e-21  4.394e-21
 2.985e+08  2.399e-20  2.260e-21  2.260e-21
 4.217e+08  1.184e-20  1.336e-21  1.336e-21
 5.957e+08  3.080e-21  5.733e-22  5.733e-22
 8.414e+08  1.917e-21  3.805e-22  3.805e-22
