# My local database
# 
# T [GeV] flux [m-2 s-1 sr-1 GeV-1] total_error_low total_error_high
 1.122e+06  4.670e-13  3.839e-14  3.839e-14
 1.413e+06  2.646e-13  1.693e-14  1.693e-14
 1.778e+06  1.708e-13  9.346e-15  9.346e-15
 2.239e+06  9.478e-14  6.257e-15  6.257e-15
 2.818e+06  4.051e-14  3.382e-15  3.382e-15
 3.548e+06  1.883e-14  1.836e-15  1.836e-15
 4.467e+06  9.472e-15  1.156e-15  1.156e-15
 5.623e+06  3.283e-15  5.517e-16  5.517e-16
 7.079e+06  8.752e-16  3.077e-16  3.077e-16
 8.913e+06  2.777e-16  1.385e-16  1.385e-16
 1.122e+07  9.665e-17  5.495e-17  5.495e-17
 1.413e+07  2.753e-17  2.111e-17  2.111e-17
 1.778e+07  1.045e-17  9.637e-18  9.637e-18
 2.239e+07  1.111e-17  1.059e-17  1.059e-17
 2.818e+07  4.461e-18  6.136e-18  6.136e-18
 3.548e+07  2.067e-18  3.029e-18  3.029e-18
 4.467e+07  3.143e-18  3.080e-18  3.080e-18
 5.623e+07  1.253e-18  1.550e-18  1.550e-18
 7.079e+07  2.232e-19  7.285e-19  7.285e-19
 8.913e+07  1.631e-18  1.030e-18  1.030e-18
