#Source: KCDC
#Ref: doi.org/10.22323/1.301.0316 (2017ICRC...35..316A)
#Experiment: KASCADE-Grande
#Quantity: H
#Units: total energy
#Url: https://kcdc.ikp.kit.edu/spectra/
#Comments: 
3.75837e+07 5.32235e-18 9.48710e-20 9.48710e-20 0.00000e+00 0.00000e+00 
5.30884e+07 1.96033e-18 4.84448e-20 4.84448e-20 0.00000e+00 0.00000e+00 
7.49894e+07 9.98087e-19 2.90848e-20 2.90848e-20 0.00000e+00 0.00000e+00 
1.05925e+08 3.45195e-19 1.43918e-20 1.43918e-20 0.00000e+00 0.00000e+00 
1.49624e+08 1.39836e-19 7.70710e-21 7.70710e-21 0.00000e+00 0.00000e+00 
2.11349e+08 6.42032e-20 4.39400e-21 4.39400e-21 0.00000e+00 0.00000e+00 
2.98538e+08 2.39928e-20 2.26007e-21 2.26007e-21 0.00000e+00 0.00000e+00 
4.21697e+08 1.18413e-20 1.33592e-21 1.33592e-21 0.00000e+00 0.00000e+00 
5.95662e+08 3.07988e-21 5.73258e-22 5.73258e-22 0.00000e+00 0.00000e+00 
8.41395e+08 1.91665e-21 3.80499e-22 3.80499e-22 0.00000e+00 0.00000e+00 
