#Source: CRDB
#Ref: 10.1016/j.asr.2019.10.004 (2019AdSpR..64.2546G)
#Experiment: NUCLEON
#Quantity: H
#Units: total energy
#Url: https://lpsc.in2p3.fr/crdb
#Comments: Table 2
3.16000e+03 3.62000e-06 4.07486e-07 4.07486e-07 1.99000e-08 1.99000e-08 
5.01000e+03 1.11000e-06 1.26264e-07 1.26264e-07 8.16000e-09 8.16000e-09 
7.94000e+03 3.51000e-07 4.02568e-08 4.02568e-08 3.55000e-09 3.55000e-09 
1.26000e+04 1.09000e-07 1.29757e-08 1.29757e-08 1.40000e-09 1.40000e-09 
2.00000e+04 3.46000e-08 4.29513e-09 4.29513e-09 6.21000e-10 6.21000e-10 
3.16000e+04 1.05000e-08 1.45716e-09 1.45716e-09 2.23000e-10 2.23000e-10 
5.01000e+04 3.15000e-09 5.08214e-10 5.08214e-10 9.10000e-11 9.10000e-11 
7.94000e+04 9.13000e-10 1.84827e-10 1.84827e-10 3.22000e-11 3.22000e-11 
1.26000e+05 2.63000e-10 7.69928e-11 7.69928e-11 1.35000e-11 1.35000e-11 
2.00000e+05 7.48000e-11 2.66325e-11 2.66325e-11 4.78000e-12 4.78000e-12 
