#Source: CRDB
#Ref: 10.1126/science.1199172 (2011Sci...332...69A)
#Experiment: PAMELA
#Quantity: H
#Units: kinetic energy
#Url: https://lpsc.in2p3.fr/crdb
#Comments: converted from original table
5.10794e+01 3.01049e-01 1.01997e-02 1.01997e-02 2.00032e-03 2.00032e-03 
4.65050e+01 3.97078e-01 2.01037e-02 2.01037e-02 2.00039e-03 2.00039e-03 
4.23302e+01 5.09120e-01 2.02285e-02 2.02285e-02 3.00071e-03 3.00071e-03 
3.85255e+01 6.53185e-01 3.01581e-02 3.01581e-02 3.00085e-03 3.00085e-03 
3.50550e+01 8.49289e-01 3.02758e-02 3.02758e-02 4.00136e-03 4.00136e-03 
3.18897e+01 1.10745e+00 4.02159e-02 4.02159e-02 4.00163e-03 4.00163e-03 
2.90039e+01 1.41970e+00 5.02741e-02 5.02741e-02 5.00246e-03 5.00246e-03 
2.63733e+01 1.82808e+00 7.02982e-02 7.02982e-02 6.00354e-03 6.00354e-03 
2.39722e+01 2.36668e+00 9.03359e-02 9.03359e-02 7.00497e-03 7.00497e-03 
2.17814e+01 3.04960e+00 1.00490e-01 1.00490e-01 9.00768e-03 9.00768e-03 
1.97853e+01 3.90400e+00 2.00455e-01 2.00455e-01 1.00103e-02 1.00103e-02 
1.79643e+01 5.00617e+00 2.00497e-01 2.00497e-01 1.00123e-02 1.00123e-02 
1.63085e+01 6.46958e+00 2.01295e-01 2.01295e-01 2.00296e-02 2.00296e-02 
1.47973e+01 8.27473e+00 3.01202e-01 3.01202e-01 2.00357e-02 2.00357e-02 
1.34166e+01 1.05025e+01 4.01358e-01 4.01358e-01 2.00429e-02 2.00429e-02 
1.21609e+01 1.33543e+01 5.02189e-01 5.02189e-01 3.00773e-02 3.00773e-02 
1.10153e+01 1.70025e+01 6.02610e-01 6.02610e-01 3.00929e-02 3.00929e-02 
9.97001e+00 2.16102e+01 8.03982e-01 8.03982e-01 4.01489e-02 4.01489e-02 
9.01472e+00 2.72814e+01 1.00572e+00 1.00572e+00 5.02235e-02 5.02235e-02 
8.57066e+00 3.06010e+01 1.95232e+00 1.95232e+00 1.58079e-01 1.58079e-01 
8.14516e+00 3.44037e+01 1.00718e+00 1.00718e+00 6.03221e-02 6.03221e-02 
7.74297e+00 3.85769e+01 2.27733e+00 2.27733e+00 1.76317e-01 1.76317e-01 
1.01317e+03 8.10000e-05 1.22066e-05 1.22066e-05 7.00000e-06 7.00000e-06 
7.50832e+02 1.90000e-04 2.23607e-05 2.23607e-05 1.00000e-05 1.00000e-05 
5.82625e+02 3.80000e-04 3.60556e-05 3.60556e-05 2.00000e-05 2.00000e-05 
4.84288e+02 5.46001e-04 7.10103e-05 7.10103e-05 5.73150e-05 5.73150e-05 
4.52049e+02 6.80002e-04 4.47215e-05 4.47215e-05 2.00000e-05 2.00000e-05 
4.21675e+02 8.20002e-04 9.25313e-05 9.25313e-05 7.26707e-05 7.26707e-05 
3.58882e+02 1.32000e-03 6.70823e-05 6.70823e-05 3.00001e-05 3.00001e-05 
3.05320e+02 2.02001e-03 1.02957e-04 1.02957e-04 5.00002e-05 5.00002e-05 
2.65805e+02 2.97002e-03 1.22066e-04 1.22066e-04 7.00004e-05 7.00004e-05 
2.31387e+02 4.17003e-03 2.15408e-04 2.15408e-04 8.00006e-05 8.00006e-05 
2.01409e+02 6.40007e-03 3.16231e-04 3.16231e-04 1.00001e-04 1.00001e-04 
1.75297e+02 9.50013e-03 4.47220e-04 4.47220e-04 2.00003e-04 2.00003e-04 
1.52556e+02 1.42003e-02 6.32467e-04 6.32467e-04 2.00004e-04 2.00004e-04 
1.32754e+02 2.09005e-02 8.54421e-04 8.54421e-04 3.00007e-04 3.00007e-04 
1.15506e+02 3.12010e-02 1.04407e-03 1.04407e-03 3.00010e-04 3.00010e-04 
1.00477e+02 4.59020e-02 2.03970e-03 2.03970e-03 4.00017e-04 4.00017e-04 
8.94502e+01 6.33034e-02 3.05958e-03 3.05958e-03 6.00032e-04 6.00032e-04 
8.14988e+01 8.31054e-02 3.10504e-03 3.10504e-03 8.00052e-04 8.00052e-04 
7.42421e+01 1.10309e-01 4.10032e-03 4.10032e-03 9.00070e-04 9.00070e-04 
6.76299e+01 1.41013e-01 5.09950e-03 5.09950e-03 1.00009e-03 1.00009e-03 
6.16018e+01 1.78020e-01 7.07186e-03 7.07186e-03 1.00011e-03 1.00011e-03 
5.60981e+01 2.33032e-01 9.22079e-03 9.22079e-03 2.00027e-03 2.00027e-03 
1.89120e+00 5.09925e+02 2.12113e+01 2.12113e+01 7.41940e-01 7.41940e-01 
1.77824e+00 5.55449e+02 2.13232e+01 2.13232e+01 7.45856e-01 7.45856e-01 
1.67071e+00 6.01880e+02 2.14554e+01 2.14554e+01 8.57532e-01 8.57532e-01 
1.56834e+00 6.52685e+02 2.15901e+01 2.15901e+01 8.62912e-01 8.62912e-01 
1.47139e+00 7.02599e+02 2.17339e+01 2.17339e+01 9.77039e-01 9.77039e-01 
1.37958e+00 7.57693e+02 3.28200e+01 3.28200e+01 9.84158e-01 9.84158e-01 
1.29313e+00 8.13685e+02 3.30950e+01 3.30950e+01 1.10255e+00 1.10255e+00 
1.21178e+00 8.70576e+02 3.33739e+01 3.33739e+01 1.11185e+00 1.11185e+00 
1.13114e+00 9.32833e+02 3.36545e+01 3.36545e+01 1.12119e+00 1.12119e+00 
1.05585e+00 9.96042e+02 3.40135e+01 3.40135e+01 1.13315e+00 1.13315e+00 
9.85604e-01 1.05254e+03 4.58267e+01 4.58267e+01 1.14531e+00 1.14531e+00 
9.20587e-01 1.11220e+03 4.63080e+01 4.63080e+01 1.15734e+00 1.15734e+00 
8.60484e-01 1.16972e+03 4.68503e+01 4.68503e+01 1.17089e+00 1.17089e+00 
8.01122e-01 1.23132e+03 4.75088e+01 4.75088e+01 2.37248e+00 2.37248e+00 
7.46853e-01 1.29278e+03 4.82082e+01 4.82082e+01 2.40740e+00 2.40740e+00 
6.97338e-01 1.34760e+03 4.88871e+01 4.88871e+01 2.44131e+00 2.44131e+00 
6.48547e-01 1.40093e+03 4.96524e+01 4.96524e+01 2.47952e+00 2.47952e+00 
6.00550e-01 1.44304e+03 5.05190e+01 5.05190e+01 2.52280e+00 2.52280e+00 
5.57427e-01 1.48665e+03 5.15053e+01 5.15053e+01 2.57205e+00 2.57205e+00 
5.18813e-01 1.52788e+03 5.24348e+01 5.24348e+01 2.61847e+00 2.61847e+00 
4.80911e-01 1.55029e+03 5.34791e+01 5.34791e+01 2.67062e+00 2.67062e+00 
4.43778e-01 1.58446e+03 5.46576e+01 5.46576e+01 2.72947e+00 2.72947e+00 
7.35558e+00 4.33280e+01 2.01415e+00 2.01415e+00 7.04521e-02 7.04521e-02 
6.98837e+00 4.85850e+01 3.02375e+00 3.02375e+00 2.43777e-01 2.43777e-01 
6.63654e+00 5.44789e+01 2.01711e+00 2.01711e+00 8.06199e-02 8.06199e-02 
6.30400e+00 6.06163e+01 3.86515e+00 3.86515e+00 2.70983e-01 2.70983e-01 
5.98279e+00 6.79767e+01 3.02928e+00 3.02928e+00 9.08374e-02 9.08374e-02 
5.67757e+00 7.60773e+01 4.83587e+00 4.83587e+00 3.08335e-01 3.08335e-01 
5.38440e+00 8.48396e+01 3.03528e+00 3.03528e+00 1.01120e-01 1.01120e-01 
5.10438e+00 9.42791e+01 5.90631e+00 5.90631e+00 3.92882e-01 3.92882e-01 
4.84190e+00 1.05297e+02 4.05507e+00 4.05507e+00 1.01345e-01 1.01345e-01 
4.58911e+00 1.17049e+02 7.14628e+00 7.14628e+00 4.89301e-01 4.89301e-01 
4.34953e+00 1.30167e+02 5.08476e+00 5.08476e+00 2.03228e-01 2.03228e-01 
2.00933e+00 4.72008e+02 2.11095e+01 2.11095e+01 6.33001e-01 6.33001e-01 
2.13289e+00 4.34311e+02 2.10160e+01 2.10160e+01 6.30197e-01 6.30197e-01 
2.26162e+00 3.96511e+02 1.04723e+01 1.04723e+01 5.22964e-01 5.22964e-01 
2.40043e+00 3.62345e+02 1.04312e+01 1.04312e+01 5.20910e-01 5.20910e-01 
2.54938e+00 3.31509e+02 1.03953e+01 1.03953e+01 5.19118e-01 5.19118e-01 
2.70379e+00 3.03121e+02 1.03572e+01 1.03572e+01 4.13958e-01 4.13958e-01 
2.86338e+00 2.76053e+02 1.03280e+01 1.03280e+01 4.12789e-01 4.12789e-01 
3.03313e+00 2.50175e+02 9.27106e+00 9.27106e+00 4.11641e-01 4.11641e-01 
3.20832e+00 2.26981e+02 8.21857e+00 8.21857e+00 3.07980e-01 3.07980e-01 
3.39341e+00 2.05780e+02 8.20009e+00 8.20009e+00 3.07287e-01 3.07287e-01 
3.58893e+00 1.87262e+02 7.16176e+00 7.16176e+00 3.06651e-01 3.06651e-01 
3.89795e+00 1.60758e+02 6.11975e+00 6.11975e+00 2.03878e-01 2.03878e-01 
