# My local database
# https://science.sciencemag.org/content/332/6025/69.abstract
# T [GeV] flux [m-2 s-1 sr-1 GeV-1] total_error_low total_error_high
 4.447e-01  1.530e+03  5.815e+01  5.815e+01
 4.796e-01  1.499e+03  5.815e+01  5.815e+01
 5.196e-01  1.478e+03  5.815e+01  5.815e+01
 5.596e-01  1.437e+03  5.815e+01  5.815e+01
 5.997e-01  1.398e+03  5.811e+01  5.811e+01
 6.445e-01  1.357e+03  4.844e+01  4.844e+01
 6.946e-01  1.306e+03  4.844e+01  4.844e+01
 7.446e-01  1.252e+03  4.844e+01  4.844e+01
 7.994e-01  1.194e+03  4.844e+01  4.844e+01
 8.595e-01  1.134e+03  3.877e+01  3.877e+01
 9.243e-01  1.077e+03  3.877e+01  3.877e+01
 9.895e-01  1.019e+03  3.877e+01  3.877e+01
 1.054e+00  9.641e+02  3.873e+01  3.873e+01
 1.129e+00  9.031e+02  3.873e+01  3.873e+01
 1.209e+00  8.431e+02  2.906e+01  2.906e+01
 1.289e+00  7.870e+02  2.906e+01  2.906e+01
 1.374e+00  7.337e+02  2.906e+01  2.906e+01
 1.469e+00  6.805e+02  2.906e+01  2.906e+01
 1.569e+00  6.317e+02  2.905e+01  2.905e+01
 1.669e+00  5.825e+02  1.938e+01  1.938e+01
 1.774e+00  5.377e+02  1.938e+01  1.938e+01
 1.889e+00  4.937e+02  1.937e+01  1.937e+01
 2.009e+00  4.569e+02  1.937e+01  1.937e+01
 2.134e+00  4.204e+02  1.937e+01  1.937e+01
 2.264e+00  3.838e+02  1.937e+01  1.937e+01
 2.399e+00  3.508e+02  9.692e+00  9.692e+00
 2.544e+00  3.209e+02  9.692e+00  9.692e+00
 2.699e+00  2.935e+02  9.688e+00  9.688e+00
 2.859e+00  2.672e+02  9.688e+00  9.688e+00
 3.029e+00  2.422e+02  8.721e+00  8.721e+00
 3.209e+00  2.197e+02  8.721e+00  8.721e+00
 3.394e+00  1.992e+02  7.749e+00  7.749e+00
 3.589e+00  1.812e+02  6.782e+00  6.782e+00
 3.899e+00  1.556e+02  5.811e+00  5.811e+00
 4.349e+00  1.260e+02  4.844e+00  4.844e+00
 4.843e+00  1.019e+02  3.873e+00  3.873e+00
 5.387e+00  8.209e+01  2.906e+00  2.906e+00
 5.982e+00  6.582e+01  2.906e+00  2.906e+00
 6.636e+00  5.274e+01  1.938e+00  1.938e+00
 7.355e+00  4.194e+01  1.937e+00  1.937e+00
 8.144e+00  3.330e+01  9.697e-01  9.697e-01
 9.014e+00  2.641e+01  9.692e-01  9.692e-01
 9.967e+00  2.093e+01  7.754e-01  7.754e-01
 1.101e+01  1.646e+01  5.815e-01  5.815e-01
 1.216e+01  1.292e+01  4.849e-01  4.849e-01
 1.341e+01  1.017e+01  3.877e-01  3.877e-01
 1.480e+01  8.015e+00  2.910e-01  2.910e-01
 1.631e+01  6.263e+00  2.910e-01  2.910e-01
 1.797e+01  4.850e+00  1.938e-01  1.938e-01
 1.979e+01  3.775e+00  1.938e-01  1.938e-01
 2.178e+01  2.952e+00  9.719e-02  9.719e-02
 2.397e+01  2.291e+00  8.738e-02  8.738e-02
 2.638e+01  1.770e+00  6.801e-02  6.801e-02
 2.901e+01  1.375e+00  4.864e-02  4.864e-02
 3.189e+01  1.072e+00  3.891e-02  3.891e-02
 3.506e+01  8.218e-01  2.930e-02  2.930e-02
 3.853e+01  6.321e-01  2.918e-02  2.918e-02
 4.233e+01  4.927e-01  1.958e-02  1.958e-02
 4.650e+01  3.843e-01  1.946e-02  1.946e-02
 5.108e+01  2.914e-01  9.872e-03  9.872e-03
 5.610e+01  2.255e-01  8.925e-03  8.925e-03
 6.160e+01  1.723e-01  6.845e-03  6.845e-03
 6.763e+01  1.365e-01  4.936e-03  4.936e-03
 7.424e+01  1.068e-01  3.969e-03  3.969e-03
 8.150e+01  8.044e-02  3.005e-03  3.005e-03
 8.945e+01  6.127e-02  2.962e-03  2.962e-03
 1.005e+02  4.443e-02  1.974e-03  1.974e-03
 1.155e+02  3.020e-02  1.011e-03  1.011e-03
 1.327e+02  2.023e-02  8.271e-04  8.271e-04
 1.526e+02  1.375e-02  6.122e-04  6.122e-04
 1.753e+02  9.196e-03  4.329e-04  4.329e-04
 2.014e+02  6.195e-03  3.061e-04  3.061e-04
 2.314e+02  4.037e-03  2.085e-04  2.085e-04
 2.658e+02  2.875e-03  1.182e-04  1.182e-04
 3.053e+02  1.955e-03  9.966e-05  9.966e-05
 3.589e+02  1.278e-03  6.494e-05  6.494e-05
 4.520e+02  6.582e-04  4.329e-05  4.329e-05
 5.826e+02  3.678e-04  3.490e-05  3.490e-05
 7.508e+02  1.839e-04  2.165e-05  2.165e-05
 1.013e+03  7.841e-05  1.182e-05  1.182e-05
