#Source: mytables
#Ref: 10.1103/PhysRevD.100.082002 (2019PhRvD.100h2002A)
#Experiment: IceCube (SIBYLL-2.1)
#Y Quantity: H
#X Quantity: totalEnergy
#Url: 
#Comments: 
#Colums: x, y, y statistical errors, y systematic errors
3.548e+06 2.791e-14 4.480e-15 4.710e-15 1.253e-14 1.289e-14 
4.467e+06 1.350e-14 1.700e-15 1.730e-15 6.370e-15 6.290e-15 
5.623e+06 7.838e-15 1.055e-15 1.092e-15 3.834e-15 3.790e-15 
7.079e+06 3.456e-15 5.420e-16 5.630e-16 2.013e-15 2.045e-15 
8.913e+06 1.393e-15 2.010e-16 2.070e-16 7.850e-16 8.160e-16 
1.122e+07 6.684e-16 1.462e-16 1.550e-16 4.106e-16 4.335e-16 
1.413e+07 2.656e-16 6.010e-17 6.350e-17 1.771e-16 1.943e-16 
1.778e+07 1.040e-16 2.300e-17 2.310e-17 6.430e-17 7.270e-17 
2.239e+07 5.291e-17 1.556e-17 1.671e-17 3.677e-17 4.417e-17 
2.818e+07 3.172e-17 8.070e-18 8.510e-18 2.218e-17 2.168e-17 
3.548e+07 1.294e-17 4.050e-18 4.120e-18 1.082e-17 1.037e-17 
4.467e+07 8.205e-18 1.609e-18 1.022e-18 4.838e-18 4.461e-18 
5.623e+07 2.536e-18 6.460e-19 6.910e-19 1.167e-18 1.866e-18 
7.079e+07 1.194e-18 3.790e-19 4.310e-19 7.960e-19 1.246e-18 
8.913e+07 8.318e-19 2.957e-19 2.574e-19 6.256e-19 2.819e-19 
1.259e+08 2.422e-19 1.118e-19 7.030e-20 1.441e-19 1.101e-19 
1.995e+08 5.257e-20 1.781e-20 1.589e-20 3.663e-20 1.860e-20 
3.162e+08 1.340e-20 4.370e-21 4.060e-21 6.310e-21 8.450e-21 
5.012e+08 3.562e-21 2.825e-21 3.316e-21 2.908e-21 5.462e-21 
