#Source: KCDC
#Ref: 10.1016/j.astropartphys.2005.04.001 (2005APh....24....1A)
#Experiment: KASCADE (2005_SIBYLL-2.1)
#Y Quantity: H
#X Quantity: totalEnergy
#Url: https://kcdc.ikp.kit.edu/spectra/
#Comments: 
#Colums: x, y, y statistical errors, y systematic errors
1.122e+06 2.515e-13 0.000e+00 0.000e+00 5.146e-14 5.146e-14 
1.413e+06 1.338e-13 0.000e+00 0.000e+00 2.650e-14 2.650e-14 
1.778e+06 7.165e-14 0.000e+00 0.000e+00 1.191e-14 1.191e-14 
2.239e+06 4.154e-14 0.000e+00 0.000e+00 8.196e-15 8.196e-15 
2.818e+06 2.260e-14 0.000e+00 0.000e+00 6.296e-15 6.296e-15 
3.548e+06 9.691e-15 0.000e+00 0.000e+00 2.715e-15 2.715e-15 
4.467e+06 3.970e-15 0.000e+00 0.000e+00 1.085e-15 1.085e-15 
5.623e+06 1.606e-15 0.000e+00 0.000e+00 5.313e-16 5.313e-16 
7.079e+06 5.744e-16 0.000e+00 0.000e+00 2.514e-16 2.514e-16 
8.913e+06 1.845e-16 0.000e+00 0.000e+00 7.743e-17 7.743e-17 
1.122e+07 1.474e-16 0.000e+00 0.000e+00 7.902e-17 7.902e-17 
1.413e+07 6.700e-17 0.000e+00 0.000e+00 3.456e-17 3.456e-17 
1.778e+07 1.688e-17 0.000e+00 0.000e+00 1.163e-17 1.163e-17 
2.239e+07 1.301e-17 0.000e+00 0.000e+00 1.088e-17 1.088e-17 
2.818e+07 3.372e-18 0.000e+00 0.000e+00 4.422e-18 4.422e-18 
3.548e+07 1.284e-18 0.000e+00 0.000e+00 2.808e-18 2.808e-18 
4.467e+07 3.673e-18 0.000e+00 0.000e+00 2.431e-18 2.431e-18 
5.623e+07 3.911e-19 0.000e+00 0.000e+00 1.274e-18 1.274e-18 
7.079e+07 0.000e+00 0.000e+00 0.000e+00 7.786e-19 7.786e-19 
8.913e+07 0.000e+00 0.000e+00 0.000e+00 1.303e-18 1.303e-18 
