#Source: CRDB
#Ref: 10.1103/PhysRevLett.108.051102 (2012PhRvL.108e1102A)
#Experiment: BESS-PolarII
#Y Quantity: pbar
#X Quantity: kineticEnergy
#Url: https://lpsc.in2p3.fr/crdb
#Comments: 
#Colums: x, y, y statistical errors, y systematic errors
1.024e+00 1.750e-02 1.500e-03 1.500e-03 1.300e-03 1.300e-03 
1.119e+00 1.910e-02 1.500e-03 1.500e-03 1.500e-03 1.500e-03 
1.223e+00 1.820e-02 1.400e-03 1.400e-03 1.400e-03 1.400e-03 
1.338e+00 2.280e-02 1.500e-03 1.500e-03 1.700e-03 1.700e-03 
1.463e+00 2.070e-02 1.400e-03 1.400e-03 1.600e-03 1.600e-03 
1.603e+00 2.100e-02 1.400e-03 1.400e-03 1.700e-03 1.700e-03 
1.758e+00 1.910e-02 1.300e-03 1.300e-03 1.600e-03 1.600e-03 
1.923e+00 2.050e-02 1.200e-03 1.300e-03 1.700e-03 1.700e-03 
2.102e+00 2.180e-02 1.200e-03 1.200e-03 1.700e-03 1.700e-03 
2.302e+00 1.880e-02 1.100e-03 1.100e-03 1.600e-03 1.600e-03 
2.522e+00 1.950e-02 1.100e-03 1.100e-03 1.600e-03 1.600e-03 
2.762e+00 1.770e-02 1.000e-03 1.000e-03 1.500e-03 1.500e-03 
3.021e+00 1.900e-02 1.200e-03 1.200e-03 2.300e-03 2.200e-03 
3.306e+00 1.640e-02 1.700e-03 1.800e-03 2.200e-03 2.200e-03 
5.042e-01 1.140e-02 1.500e-03 1.600e-03 8.000e-04 6.000e-04 
8.541e-01 1.840e-02 1.600e-03 1.700e-03 1.100e-03 1.100e-03 
1.972e-01 3.560e-03 7.800e-04 8.800e-04 4.200e-04 4.200e-04 
2.490e-01 4.530e-03 1.100e-03 1.230e-03 5.300e-04 5.300e-04 
2.937e-01 5.090e-03 1.030e-03 1.130e-03 5.000e-04 5.000e-04 
3.439e-01 7.550e-03 1.070e-03 1.160e-03 4.300e-04 4.300e-04 
3.894e-01 8.050e-03 1.490e-03 1.630e-03 3.900e-04 3.900e-04 
4.247e-01 9.190e-03 1.420e-03 1.650e-03 4.500e-04 4.500e-04 
4.595e-01 9.950e-03 1.460e-03 1.580e-03 5.100e-04 5.100e-04 
5.496e-01 9.300e-03 1.320e-03 1.410e-03 5.200e-04 5.200e-04 
5.991e-01 1.260e-02 1.400e-03 1.500e-03 7.000e-04 7.000e-04 
6.544e-01 1.200e-02 1.300e-03 1.400e-03 7.000e-04 7.000e-04 
7.139e-01 1.320e-02 1.400e-03 1.400e-03 8.000e-04 8.000e-04 
7.840e-01 1.300e-02 1.400e-03 1.500e-03 8.000e-04 8.000e-04 
9.337e-01 1.510e-02 1.400e-03 1.500e-03 1.000e-03 1.000e-03 
