#Source: CRDB
#Ref: 10.1103/PhysRevLett.117.091103 (2016PhRvL.117i1103A)
#Experiment: AMS-02
#Quantity: H-bar
#Units: kinetic energy
#Url: https://lpsc.in2p3.fr/crdb
#Comments: converted from original table
1.78198e+01 9.54198e-04 3.79026e-05 3.79026e-05 8.01006e-06 8.01006e-06 
1.93672e+01 7.72824e-04 2.98647e-05 2.98647e-05 7.00747e-06 7.00747e-06 
2.10149e+01 6.33580e-04 2.37915e-05 2.37915e-05 6.00550e-06 6.00550e-06 
2.28108e+01 5.02393e-04 1.86962e-05 1.86962e-05 5.00391e-06 5.00391e-06 
2.47590e+01 4.11274e-04 1.45699e-05 1.45699e-05 4.00266e-06 4.00266e-06 
2.68073e+01 3.32190e-04 1.17114e-05 1.17114e-05 4.00229e-06 4.00229e-06 
2.90039e+01 2.68132e-04 8.54821e-06 8.54821e-06 3.00148e-06 3.00148e-06 
3.13527e+01 2.07087e-04 6.71103e-06 6.71103e-06 3.00127e-06 3.00127e-06 
3.38497e+01 1.75064e-04 5.38712e-06 5.38712e-06 2.00073e-06 2.00073e-06 
3.65470e+01 1.40044e-04 4.47353e-06 4.47353e-06 2.00063e-06 2.00063e-06 
3.94444e+01 1.10030e-04 3.60652e-06 3.60652e-06 2.00054e-06 2.00054e-06 
4.25421e+01 8.78204e-05 3.28101e-06 3.28101e-06 2.00046e-06 2.00046e-06 
4.58399e+01 7.05142e-05 2.76642e-06 2.76642e-06 1.80036e-06 1.80036e-06 
4.93861e+01 5.89102e-05 2.33493e-06 2.33493e-06 1.60028e-06 1.60028e-06 
5.31844e+01 4.82072e-05 1.98020e-06 1.98020e-06 1.40021e-06 1.40021e-06 
5.72311e+01 3.99052e-05 1.76941e-06 1.76941e-06 1.30017e-06 1.30017e-06 
6.15780e+01 3.09035e-05 1.48677e-06 1.48677e-06 1.10012e-06 1.10012e-06 
6.62733e+01 2.43024e-05 1.20428e-06 1.20428e-06 9.00088e-07 9.00088e-07 
7.13207e+01 2.06017e-05 1.06310e-06 1.06310e-06 8.00068e-07 8.00068e-07 
7.67166e+01 1.78013e-05 1.06309e-06 1.06309e-06 8.00058e-07 8.00058e-07 
8.55892e+01 1.22007e-05 6.40350e-07 6.40350e-07 4.00023e-07 4.00023e-07 
9.92836e+01 7.86035e-06 4.87976e-07 4.87976e-07 3.50015e-07 3.50015e-07 
1.15253e+02 5.09017e-06 3.76443e-07 3.76443e-07 2.90009e-07 2.90009e-07 
1.34617e+02 3.39008e-06 2.94116e-07 2.94116e-07 2.40006e-07 2.40006e-07 
1.59451e+02 2.08004e-06 2.33242e-07 2.33242e-07 2.00003e-07 2.00003e-07 
1.91219e+02 1.33002e-06 2.19548e-07 2.19548e-07 1.90002e-07 1.90002e-07 
2.32830e+02 9.11007e-07 1.69745e-07 1.69745e-07 1.42001e-07 1.42001e-07 
3.40422e+02 2.13001e-07 5.86688e-08 5.86688e-08 5.10002e-08 5.10002e-08 
4.89729e-01 7.86757e-03 1.89756e-03 1.89756e-03 1.73510e-03 1.73510e-03 
6.17932e-01 6.98411e-03 1.06580e-03 1.06580e-03 8.52638e-04 8.52638e-04 
7.60868e-01 1.16851e-02 1.15253e-03 1.15253e-03 8.14962e-04 8.14962e-04 
9.21961e-01 1.22678e-02 9.95579e-04 9.95579e-04 5.78669e-04 5.78669e-04 
1.10169e+00 1.40788e-02 1.06255e-03 1.06255e-03 5.63152e-04 5.63152e-04 
1.29911e+00 1.54223e-02 1.03924e-03 1.03924e-03 5.50796e-04 5.50796e-04 
1.51886e+00 1.62301e-02 1.11400e-03 1.11400e-03 5.41005e-04 5.41005e-04 
1.76084e+00 1.74908e-02 1.05040e-03 1.05040e-03 4.26606e-04 4.26606e-04 
2.02931e+00 1.72834e-02 1.03794e-03 1.03794e-03 4.21547e-04 4.21547e-04 
2.32481e+00 1.76426e-02 1.02816e-03 1.02816e-03 4.17575e-04 4.17575e-04 
2.64663e+00 1.73028e-02 9.82926e-04 9.82926e-04 3.10829e-04 3.10829e-04 
2.99978e+00 1.63699e-02 8.79651e-04 8.79651e-04 3.08866e-04 3.08866e-04 
3.38419e+00 1.59807e-02 9.16256e-04 9.16256e-04 4.09762e-04 4.09762e-04 
3.80439e+00 1.45880e-02 7.76917e-04 7.76917e-04 3.06043e-04 3.06043e-04 
1.63725e+01 1.19175e-03 5.10651e-05 5.10651e-05 1.00147e-05 1.00147e-05 
1.50256e+01 1.49259e-03 6.09334e-05 6.09334e-05 1.00174e-05 1.00174e-05 
1.37789e+01 1.85376e-03 8.26298e-05 8.26298e-05 2.00407e-05 2.00407e-05 
1.26326e+01 2.23538e-03 9.24177e-05 9.24177e-05 2.00482e-05 2.00482e-05 
1.15865e+01 2.65745e-03 1.12118e-04 1.12118e-04 2.00562e-05 2.00562e-05 
1.05885e+01 3.24073e-03 1.41891e-04 1.41891e-04 2.00664e-05 2.00664e-05 
9.64328e+00 3.97577e-03 1.73314e-04 1.73314e-04 3.01195e-05 3.01195e-05 
8.77748e+00 4.69192e-03 2.03187e-04 2.03187e-04 3.01408e-05 3.01408e-05 
7.97213e+00 5.49051e-03 2.48769e-04 2.48769e-04 6.03353e-05 6.03353e-05 
7.22726e+00 6.58360e-03 3.02838e-04 3.02838e-04 8.05333e-05 8.05333e-05 
6.53769e+00 7.65041e-03 3.54509e-04 3.54509e-04 9.07163e-05 9.07163e-05 
5.89873e+00 8.77301e-03 4.09087e-04 4.09087e-04 1.11051e-04 1.11051e-04 
5.31040e+00 9.91224e-03 4.73766e-04 4.73766e-04 1.31489e-04 1.31489e-04 
4.76754e+00 1.13544e-02 5.45939e-04 5.45939e-04 2.02757e-04 2.02757e-04 
4.26552e+00 1.25047e-02 6.42981e-04 6.42981e-04 2.03329e-04 2.03329e-04 
