#Source: CRDB
#Ref: 10.1134/S002136401222002X (2013JETPL..96..621A)
#Experiment: PAMELA
#Quantity: H-bar
#Units: kinetic energy
#Url: https://lpsc.in2p3.fr/crdb
#Comments: 
5.86801e+00 9.47000e-03 5.90000e-04 5.90000e-04 5.90000e-04 5.90000e-04 
6.99223e+00 6.92000e-03 4.50000e-04 4.50000e-04 4.50000e-04 4.50000e-04 
8.37154e+00 5.18000e-03 4.00000e-04 4.00000e-04 4.00000e-04 4.00000e-04 
1.01075e+01 3.76000e-03 2.60000e-04 2.60000e-04 2.60000e-04 2.60000e-04 
1.23270e+01 2.25000e-03 1.80000e-04 1.80000e-04 1.80000e-04 1.80000e-04 
1.53397e+01 1.36000e-03 1.30000e-04 1.30000e-04 1.30000e-04 1.30000e-04 
1.96121e+01 7.27000e-04 7.00000e-05 7.00000e-05 7.00000e-05 7.00000e-05 
2.62445e+01 3.38000e-04 2.90000e-05 2.90000e-05 2.90000e-05 2.90000e-05 
3.82625e+01 1.22000e-04 1.60000e-05 1.60000e-05 1.60000e-05 1.60000e-05 
6.86488e+01 2.50000e-05 5.00000e-06 5.00000e-06 5.00000e-06 5.00000e-06 
1.33188e+02 4.50000e-06 1.90000e-06 3.70000e-06 1.90000e-06 1.90000e-06 
4.91389e+00 1.17900e-02 7.70000e-04 7.70000e-04 7.70000e-04 7.70000e-04 
4.12364e+00 1.52600e-02 1.13000e-03 1.13000e-03 1.13000e-03 1.13000e-03 
3.45462e+00 1.64600e-02 1.34000e-03 1.34000e-03 1.34000e-03 1.34000e-03 
2.88696e+00 2.00500e-02 1.76000e-03 1.76000e-03 1.76000e-03 1.76000e-03 
2.40616e+00 2.14400e-02 1.83000e-03 1.83000e-03 1.83000e-03 1.83000e-03 
1.99182e+00 2.57500e-02 2.33000e-03 2.33000e-03 2.33000e-03 2.33000e-03 
1.63596e+00 2.16500e-02 2.56000e-03 2.56000e-03 2.56000e-03 2.56000e-03 
1.33743e+00 2.27800e-02 4.06000e-03 4.06000e-03 4.06000e-03 4.06000e-03 
1.06689e+00 2.02300e-02 4.00000e-03 4.00000e-03 4.00000e-03 4.00000e-03 
8.10829e-01 1.67900e-02 3.92000e-03 3.92000e-03 3.92000e-03 3.92000e-03 
5.54198e-01 1.04300e-02 3.86000e-03 3.86000e-03 3.86000e-03 3.86000e-03 
2.34515e-01 7.67000e-03 1.90000e-03 2.75000e-03 1.90000e-03 1.90000e-03 
