#Source: CRDB
#Ref: 10.1103/PhysRevLett.108.051102 (2012PhRvL.108e1102A)
#Experiment: BESS-PolarII
#Quantity: H-bar
#Units: kinetic energy
#Url: https://lpsc.in2p3.fr/crdb
#Comments: 
1.02401e+00 1.75000e-02 1.98494e-03 1.98494e-03 1.50000e-03 1.50000e-03 
1.11888e+00 1.91000e-02 2.12132e-03 2.12132e-03 1.50000e-03 1.50000e-03 
1.22376e+00 1.82000e-02 1.97990e-03 1.97990e-03 1.40000e-03 1.40000e-03 
1.33866e+00 2.28000e-02 2.26716e-03 2.26716e-03 1.50000e-03 1.50000e-03 
1.46356e+00 2.07000e-02 2.12603e-03 2.12603e-03 1.40000e-03 1.40000e-03 
1.60325e+00 2.10000e-02 2.20227e-03 2.20227e-03 1.40000e-03 1.40000e-03 
1.75818e+00 1.91000e-02 2.06155e-03 2.06155e-03 1.30000e-03 1.30000e-03 
1.92312e+00 2.05000e-02 2.08087e-03 2.14009e-03 1.20000e-03 1.20000e-03 
2.10286e+00 2.18000e-02 2.08087e-03 2.08087e-03 1.20000e-03 1.20000e-03 
2.30261e+00 1.88000e-02 1.94165e-03 1.94165e-03 1.10000e-03 1.10000e-03 
2.52238e+00 1.95000e-02 1.94165e-03 1.94165e-03 1.10000e-03 1.10000e-03 
2.76217e+00 1.77000e-02 1.80278e-03 1.80278e-03 1.00000e-03 1.00000e-03 
3.02199e+00 1.90000e-02 2.59422e-03 2.50599e-03 1.20000e-03 1.20000e-03 
3.30660e+00 1.64000e-02 2.78029e-03 2.84253e-03 1.70000e-03 1.70000e-03 
1.97737e-01 3.56000e-03 8.85889e-04 9.75090e-04 7.80000e-04 7.80000e-04 
2.49199e-01 4.53000e-03 1.22102e-03 1.33933e-03 1.10000e-03 1.10000e-03 
2.93939e-01 5.09000e-03 1.14495e-03 1.23568e-03 1.03000e-03 1.03000e-03 
3.44093e-01 7.55000e-03 1.15317e-03 1.23713e-03 1.07000e-03 1.07000e-03 
3.89487e-01 8.05000e-03 1.54019e-03 1.67601e-03 1.49000e-03 1.49000e-03 
4.24735e-01 9.19000e-03 1.48960e-03 1.71026e-03 1.42000e-03 1.42000e-03 
4.59565e-01 9.95000e-03 1.54651e-03 1.66027e-03 1.46000e-03 1.46000e-03 
5.04381e-01 1.14000e-02 1.70000e-03 1.70880e-03 1.50000e-03 1.50000e-03 
5.49636e-01 9.30000e-03 1.41873e-03 1.50283e-03 1.32000e-03 1.32000e-03 
5.99250e-01 1.26000e-02 1.56525e-03 1.65529e-03 1.40000e-03 1.40000e-03 
6.54523e-01 1.20000e-02 1.47648e-03 1.56525e-03 1.30000e-03 1.30000e-03 
7.14143e-01 1.32000e-02 1.61245e-03 1.61245e-03 1.40000e-03 1.40000e-03 
7.84219e-01 1.30000e-02 1.61245e-03 1.70000e-03 1.40000e-03 1.40000e-03 
8.54283e-01 1.84000e-02 1.94165e-03 2.02485e-03 1.60000e-03 1.60000e-03 
9.33916e-01 1.51000e-02 1.72047e-03 1.80278e-03 1.40000e-03 1.40000e-03 
