# CRDB Database lpsc.in2p3.fr/cosmic-rays-db
# https://ui.adsabs.harvard.edu/abs/2016PhRvL.117i1103A
# T [GeV] flux [m-2 s-1 sr-1 GeV-1] total_error_low total_error_high
1.78161e+01   9.54198e-04   3.79026e-05   3.79026e-05   
1.93634e+01   7.72824e-04   2.98647e-05   2.98647e-05   
2.10109e+01   6.33580e-04   2.37915e-05   2.37915e-05   
2.28062e+01   5.02393e-04   1.86962e-05   1.86962e-05   
2.47543e+01   4.11274e-04   1.45699e-05   1.45699e-05   
2.68026e+01   3.32190e-04   1.17114e-05   1.17114e-05   
2.89986e+01   2.68132e-04   8.54821e-06   8.54821e-06   
3.13473e+01   2.07087e-04   6.71103e-06   6.71103e-06   
3.38439e+01   1.75064e-04   5.38713e-06   5.38713e-06   
3.65407e+01   1.40044e-04   4.47354e-06   4.47354e-06   
3.94378e+01   1.10030e-04   3.60652e-06   3.60652e-06   
4.25351e+01   8.78204e-05   3.28100e-06   3.28100e-06   
4.58326e+01   7.05142e-05   2.76642e-06   2.76642e-06   
4.93780e+01   5.89102e-05   2.33493e-06   2.33493e-06   
5.31760e+01   4.82072e-05   1.98020e-06   1.98020e-06   
5.72221e+01   3.99052e-05   1.76941e-06   1.76941e-06   
6.15684e+01   3.09035e-05   1.48677e-06   1.48677e-06   
6.62627e+01   2.43024e-05   1.20428e-06   1.20428e-06   
7.13097e+01   2.06017e-05   1.06310e-06   1.06310e-06   
7.67047e+01   1.78013e-05   1.06309e-06   1.06309e-06   
8.55361e+01   1.22007e-05   6.40349e-07   6.40349e-07   
9.92176e+01   7.86034e-06   4.87976e-07   4.87976e-07   
1.15180e+02   5.09017e-06   3.76443e-07   3.76443e-07   
1.34512e+02   3.39008e-06   2.94116e-07   2.94116e-07   
1.59309e+02   2.08004e-06   2.33242e-07   2.33242e-07   
1.91022e+02   1.33002e-06   2.19547e-07   2.19547e-07   
2.32543e+02   9.11007e-07   1.69745e-07   1.69745e-07   
3.37418e+02   2.13001e-07   5.86688e-08   5.86688e-08   
4.88868e-01   7.86757e-03   1.89756e-03   1.89756e-03   
6.17068e-01   6.98411e-03   1.06580e-03   1.06580e-03   
7.60008e-01   1.16851e-02   1.15253e-03   1.15253e-03   
9.21021e-01   1.22678e-02   9.95579e-04   9.95579e-04   
1.10077e+00   1.40788e-02   1.06255e-03   1.06255e-03   
1.29813e+00   1.54223e-02   1.03924e-03   1.03924e-03   
1.51784e+00   1.62301e-02   1.11400e-03   1.11400e-03   
1.75978e+00   1.74908e-02   1.05040e-03   1.05040e-03   
2.02814e+00   1.72834e-02   1.03794e-03   1.03794e-03   
2.32363e+00   1.76426e-02   1.02816e-03   1.02816e-03   
2.64538e+00   1.73028e-02   9.82927e-04   9.82927e-04   
2.99846e+00   1.63699e-02   8.79651e-04   8.79651e-04   
3.38282e+00   1.59807e-02   9.16256e-04   9.16256e-04   
3.80290e+00   1.45880e-02   7.76918e-04   7.76918e-04   
1.63691e+01   1.19175e-03   5.10651e-05   5.10651e-05   
1.50223e+01   1.49259e-03   6.09334e-05   6.09334e-05   
1.37759e+01   1.85376e-03   8.26298e-05   8.26298e-05   
1.26298e+01   2.23538e-03   9.24177e-05   9.24177e-05   
1.15840e+01   2.65745e-03   1.12117e-04   1.12117e-04   
1.05858e+01   3.24073e-03   1.41891e-04   1.41891e-04   
9.64085e+00   3.97577e-03   1.73314e-04   1.73314e-04   
8.77516e+00   4.69192e-03   2.03187e-04   2.03187e-04   
7.96993e+00   5.49051e-03   2.48769e-04   2.48769e-04   
7.22520e+00   6.58360e-03   3.02837e-04   3.02837e-04   
6.53572e+00   7.65041e-03   3.54509e-04   3.54509e-04   
5.89686e+00   8.77301e-03   4.09086e-04   4.09086e-04   
5.30866e+00   9.91224e-03   4.73766e-04   4.73766e-04   
4.76588e+00   1.13544e-02   5.45939e-04   5.45939e-04   
4.26393e+00   1.25047e-02   6.42982e-04   6.42982e-04   
