# CRDB Database lpsc.in2p3.fr/cosmic-rays-db
# https://ui.adsabs.harvard.edu/abs/2012PhRvL.108e1102A
# T [GeV] flux [m-2 s-1 sr-1 GeV-1] total_error_low total_error_high
1.02378e+00   1.75000e-02   1.98494e-03   1.98494e-03   
1.11862e+00   1.91000e-02   2.12132e-03   2.12132e-03   
1.22348e+00   1.82000e-02   1.97990e-03   1.97990e-03   
1.33834e+00   2.28000e-02   2.26716e-03   2.26716e-03   
1.46322e+00   2.07000e-02   2.12603e-03   2.12603e-03   
1.60284e+00   2.10000e-02   2.20227e-03   2.20227e-03   
1.75776e+00   1.91000e-02   2.06155e-03   2.06155e-03   
1.92268e+00   2.05000e-02   2.08087e-03   2.14009e-03   
2.10236e+00   2.18000e-02   2.08087e-03   2.08087e-03   
2.30205e+00   1.88000e-02   1.94165e-03   1.94165e-03   
2.52177e+00   1.95000e-02   1.94165e-03   1.94165e-03   
2.76151e+00   1.77000e-02   1.80278e-03   1.80278e-03   
3.02128e+00   1.90000e-02   2.59422e-03   2.50599e-03   
3.30581e+00   1.64000e-02   2.78029e-03   2.84253e-03   
1.97212e-01   3.56000e-03   8.85889e-04   9.75090e-04   
2.49012e-01   4.53000e-03   1.22102e-03   1.33933e-03   
2.93692e-01   5.09000e-03   1.14495e-03   1.23568e-03   
3.43882e-01   7.55000e-03   1.15317e-03   1.23713e-03   
3.89367e-01   8.05000e-03   1.54019e-03   1.67601e-03   
4.24673e-01   9.19000e-03   1.48960e-03   1.71026e-03   
4.59464e-01   9.95000e-03   1.54651e-03   1.66027e-03   
5.04236e-01   1.14000e-02   1.70000e-03   1.70880e-03   
5.49551e-01   9.30000e-03   1.41873e-03   1.50283e-03   
5.99075e-01   1.26000e-02   1.56525e-03   1.65529e-03   
6.54411e-01   1.20000e-02   1.47648e-03   1.56525e-03   
7.13943e-01   1.32000e-02   1.61245e-03   1.61245e-03   
7.84037e-01   1.30000e-02   1.61245e-03   1.70000e-03   
8.54116e-01   1.84000e-02   1.94165e-03   2.02485e-03   
9.33664e-01   1.51000e-02   1.72047e-03   1.80278e-03   
