# CRDB Database lpsc.in2p3.fr/cosmic-rays-db
# https://ui.adsabs.harvard.edu/abs/2013JETPL..96..621A
# T [GeV] flux [m-2 s-1 sr-1 GeV-1] total_error_low total_error_high
5.86245e+00   9.47000e-03   5.90000e-04   5.90000e-04   
6.98633e+00   6.92000e-03   4.50000e-04   4.50000e-04   
8.36275e+00   5.18000e-03   4.00000e-04   4.00000e-04   
1.00972e+01   3.76000e-03   2.60000e-04   2.60000e-04   
1.23113e+01   2.25000e-03   1.80000e-04   1.80000e-04   
1.53167e+01   1.36000e-03   1.30000e-04   1.30000e-04   
1.95723e+01   7.27000e-04   7.00000e-05   7.00000e-05   
2.61673e+01   3.38000e-04   2.90000e-05   2.90000e-05   
3.80527e+01   1.22000e-04   1.60000e-05   1.60000e-05   
6.75977e+01   2.50000e-05   5.00000e-06   5.00000e-06   
1.31849e+02   4.50000e-06   1.90000e-06   3.70000e-06   
4.90953e+00   1.17900e-02   7.70000e-04   7.70000e-04   
4.11991e+00   1.52600e-02   1.13000e-03   1.13000e-03   
3.45144e+00   1.64600e-02   1.34000e-03   1.34000e-03   
2.88420e+00   2.00500e-02   1.76000e-03   1.76000e-03   
2.40380e+00   2.14400e-02   1.83000e-03   1.83000e-03   
1.98962e+00   2.57500e-02   2.33000e-03   2.33000e-03   
1.63408e+00   2.16500e-02   2.56000e-03   2.56000e-03   
1.33581e+00   2.27800e-02   4.06000e-03   4.06000e-03   
1.06498e+00   2.02300e-02   4.00000e-03   4.00000e-03   
8.08696e-01   1.67900e-02   3.92000e-03   3.92000e-03   
5.50809e-01   1.04300e-02   3.86000e-03   3.86000e-03   
2.24400e-01   7.67000e-03   1.90000e-03   2.75000e-03   
