#Source: CRDB
#Ref: 10.1134/S002136401222002X (2013JETPL..96..621A)
#Experiment: PAMELA
#Y Quantity: pbar
#X Quantity: kineticEnergy
#Url: https://lpsc.in2p3.fr/crdb
#Comments: 
#Colums: x, y, y statistical errors, y systematic errors
5.862e+00 9.470e-03 5.900e-04 5.900e-04 0.000e+00 0.000e+00 
6.986e+00 6.920e-03 4.500e-04 4.500e-04 0.000e+00 0.000e+00 
8.363e+00 5.180e-03 4.000e-04 4.000e-04 0.000e+00 0.000e+00 
1.010e+01 3.760e-03 2.600e-04 2.600e-04 0.000e+00 0.000e+00 
1.231e+01 2.250e-03 1.800e-04 1.800e-04 0.000e+00 0.000e+00 
1.532e+01 1.360e-03 1.300e-04 1.300e-04 0.000e+00 0.000e+00 
1.957e+01 7.270e-04 7.000e-05 7.000e-05 0.000e+00 0.000e+00 
2.617e+01 3.380e-04 2.900e-05 2.900e-05 0.000e+00 0.000e+00 
3.805e+01 1.220e-04 1.600e-05 1.600e-05 0.000e+00 0.000e+00 
6.760e+01 2.500e-05 5.000e-06 5.000e-06 0.000e+00 0.000e+00 
1.318e+02 4.500e-06 1.900e-06 3.700e-06 0.000e+00 0.000e+00 
4.910e+00 1.179e-02 7.700e-04 7.700e-04 0.000e+00 0.000e+00 
4.120e+00 1.526e-02 1.130e-03 1.130e-03 0.000e+00 0.000e+00 
3.451e+00 1.646e-02 1.340e-03 1.340e-03 0.000e+00 0.000e+00 
2.884e+00 2.005e-02 1.760e-03 1.760e-03 0.000e+00 0.000e+00 
2.404e+00 2.144e-02 1.830e-03 1.830e-03 0.000e+00 0.000e+00 
1.990e+00 2.575e-02 2.330e-03 2.330e-03 0.000e+00 0.000e+00 
1.634e+00 2.165e-02 2.560e-03 2.560e-03 0.000e+00 0.000e+00 
1.336e+00 2.278e-02 4.060e-03 4.060e-03 0.000e+00 0.000e+00 
1.065e+00 2.023e-02 4.000e-03 4.000e-03 0.000e+00 0.000e+00 
8.087e-01 1.679e-02 3.920e-03 3.920e-03 0.000e+00 0.000e+00 
5.508e-01 1.043e-02 3.860e-03 3.860e-03 0.000e+00 0.000e+00 
2.244e-01 7.670e-03 1.900e-03 2.750e-03 0.000e+00 0.000e+00 
