#Source: SSDC
#Ref: 10.1016/j.physrep.2020.09.003 (2021PhR...894....1A)
#Experiment: AMS-02
#Y Quantity: e+e-
#X Quantity: kineticEnergy
#Url: https://tools.ssdc.asi.it/CosmicRays/
#Comments: 
#Colums: x, y, y statistical errors, y systematic errors
5.685e-01 1.945e+01 3.800e-01 3.800e-01 1.170e+00 1.170e+00 
7.284e-01 1.918e+01 1.000e-01 1.000e-01 8.500e-01 8.500e-01 
9.084e-01 1.839e+01 6.000e-02 6.000e-02 6.000e-01 6.000e-01 
1.108e+00 1.712e+01 4.000e-02 4.000e-02 4.200e-01 4.200e-01 
1.333e+00 1.511e+01 3.000e-02 3.000e-02 2.900e-01 2.900e-01 
1.583e+00 1.297e+01 2.000e-02 2.000e-02 2.000e-01 2.000e-01 
1.853e+00 1.106e+01 1.000e-02 1.000e-02 1.500e-01 1.500e-01 
2.148e+00 9.019e+00 9.000e-03 9.000e-03 1.110e-01 1.110e-01 
2.472e+00 7.380e+00 7.000e-03 7.000e-03 8.500e-02 8.500e-02 
2.818e+00 5.884e+00 5.000e-03 5.000e-03 6.600e-02 6.600e-02 
3.173e+00 4.696e+00 4.000e-03 4.000e-03 5.200e-02 5.200e-02 
3.539e+00 3.771e+00 3.000e-03 3.000e-03 4.200e-02 4.200e-02 
3.919e+00 3.029e+00 3.000e-03 3.000e-03 3.300e-02 3.300e-02 
4.323e+00 2.411e+00 2.000e-03 2.000e-03 2.700e-02 2.700e-02 
4.763e+00 1.901e+00 2.000e-03 2.000e-03 2.100e-02 2.100e-02 
5.237e+00 1.488e+00 1.000e-03 1.000e-03 1.700e-02 1.700e-02 
5.737e+00 1.165e+00 1.000e-03 1.000e-03 1.300e-02 1.300e-02 
6.262e+00 9.216e-01 9.000e-04 9.000e-04 1.060e-02 1.060e-02 
6.812e+00 7.281e-01 8.000e-04 8.000e-04 8.400e-03 8.400e-03 
7.387e+00 5.755e-01 7.000e-04 7.000e-04 6.700e-03 6.700e-03 
7.987e+00 4.555e-01 6.000e-04 6.000e-04 5.400e-03 5.400e-03 
8.617e+00 3.609e-01 5.000e-04 5.000e-04 4.300e-03 4.300e-03 
9.277e+00 2.904e-01 4.000e-04 4.000e-04 3.500e-03 3.500e-03 
9.962e+00 2.334e-01 3.000e-04 3.000e-04 2.800e-03 2.800e-03 
1.067e+01 1.881e-01 3.000e-04 3.000e-04 2.300e-03 2.300e-03 
1.141e+01 1.524e-01 3.000e-04 3.000e-04 1.900e-03 1.900e-03 
1.219e+01 1.239e-01 2.000e-04 2.000e-04 1.500e-03 1.500e-03 
1.299e+01 1.012e-01 2.000e-04 2.000e-04 1.300e-03 1.300e-03 
1.382e+01 8.313e-02 1.600e-04 1.600e-04 1.030e-03 1.030e-03 
1.469e+01 6.827e-02 1.400e-04 1.400e-04 8.600e-04 8.600e-04 
1.559e+01 5.628e-02 1.200e-04 1.200e-04 7.100e-04 7.100e-04 
1.652e+01 4.640e-02 1.100e-04 1.100e-04 5.900e-04 5.900e-04 
1.748e+01 3.878e-02 9.000e-05 9.000e-05 4.900e-04 4.900e-04 
1.848e+01 3.246e-02 8.000e-05 8.000e-05 4.200e-04 4.200e-04 
1.951e+01 2.731e-02 7.000e-05 7.000e-05 3.500e-04 3.500e-04 
2.058e+01 2.283e-02 6.000e-05 6.000e-05 3.000e-04 3.000e-04 
2.168e+01 1.915e-02 6.000e-05 6.000e-05 2.500e-04 2.500e-04 
2.283e+01 1.620e-02 5.000e-05 5.000e-05 2.100e-04 2.100e-04 
2.401e+01 1.375e-02 4.000e-05 4.000e-05 1.800e-04 1.800e-04 
2.525e+01 1.170e-02 4.000e-05 4.000e-05 1.500e-04 1.500e-04 
2.656e+01 9.860e-03 3.500e-05 3.500e-05 1.300e-04 1.300e-04 
2.795e+01 8.380e-03 3.100e-05 3.100e-05 1.110e-04 1.110e-04 
2.943e+01 7.084e-03 2.800e-05 2.800e-05 9.400e-05 9.400e-05 
3.100e+01 5.910e-03 2.500e-05 2.500e-05 7.900e-05 7.900e-05 
3.266e+01 5.028e-03 2.200e-05 2.200e-05 6.700e-05 6.700e-05 
3.443e+01 4.232e-03 2.000e-05 2.000e-05 5.700e-05 5.700e-05 
3.632e+01 3.564e-03 1.700e-05 1.700e-05 4.800e-05 4.800e-05 
3.833e+01 3.016e-03 1.500e-05 1.500e-05 4.100e-05 4.100e-05 
4.048e+01 2.521e-03 1.400e-05 1.400e-05 3.400e-05 3.400e-05 
4.278e+01 2.105e-03 1.200e-05 1.200e-05 2.900e-05 2.900e-05 
4.526e+01 1.769e-03 1.100e-05 1.100e-05 2.400e-05 2.400e-05 
4.792e+01 1.491e-03 9.000e-06 9.000e-06 2.000e-05 2.000e-05 
5.080e+01 1.216e-03 8.000e-06 8.000e-06 1.700e-05 1.700e-05 
5.392e+01 1.008e-03 7.000e-06 7.000e-06 1.400e-05 1.400e-05 
5.732e+01 8.324e-04 6.300e-06 6.300e-06 1.130e-05 1.130e-05 
6.103e+01 6.752e-04 5.400e-06 5.400e-06 9.200e-06 9.200e-06 
6.511e+01 5.541e-04 4.700e-06 4.700e-06 7.600e-06 7.600e-06 
6.962e+01 4.524e-04 4.000e-06 4.000e-06 6.200e-06 6.200e-06 
7.465e+01 3.637e-04 3.400e-06 3.400e-06 5.000e-06 5.000e-06 
8.029e+01 2.883e-04 2.900e-06 2.900e-06 4.000e-06 4.000e-06 
8.669e+01 2.273e-04 2.400e-06 2.400e-06 3.100e-06 3.100e-06 
9.402e+01 1.765e-04 2.000e-06 2.000e-06 2.400e-06 2.400e-06 
1.026e+02 1.349e-04 1.600e-06 1.600e-06 1.900e-06 1.900e-06 
1.127e+02 9.853e-05 1.240e-06 1.240e-06 1.370e-06 1.370e-06 
1.250e+02 7.197e-05 9.600e-07 9.600e-07 1.000e-06 1.000e-06 
1.401e+02 5.220e-05 7.500e-07 7.500e-07 7.300e-07 7.300e-07 
1.589e+02 3.492e-05 5.500e-07 5.500e-07 5.000e-07 5.000e-07 
1.831e+02 2.166e-05 3.900e-07 3.900e-07 2.900e-07 2.900e-07 
2.163e+02 1.289e-05 2.600e-07 2.600e-07 2.200e-07 2.200e-07 
2.618e+02 7.285e-06 1.660e-07 1.660e-07 1.180e-07 1.180e-07 
3.268e+02 3.705e-06 9.800e-08 9.800e-08 7.600e-08 7.600e-08 
4.285e+02 1.539e-06 5.300e-08 5.300e-08 3.400e-08 3.400e-08 
5.888e+02 5.586e-07 2.730e-08 2.730e-08 1.840e-08 1.840e-08 
8.323e+02 1.877e-07 1.440e-08 1.440e-08 1.230e-08 1.230e-08 
1.178e+03 4.786e-08 7.410e-09 7.410e-09 4.370e-09 4.370e-09 
1.665e+03 1.216e-08 4.010e-09 4.010e-09 2.830e-09 2.830e-09 
