#Source: SSDC
#Ref: 10.1103/PhysRevLett.120.261102 (2018PhRvL.120z1102A)
#Experiment: CALET
#Y Quantity: e+e-
#X Quantity: kineticEnergy
#Url: https://tools.ssdc.asi.it/CosmicRays/
#Comments: 
#Colums: x, y, y statistical errors, y systematic errors
1.136e+01 1.526e-01 4.000e-04 4.000e-04 1.030e-02 9.300e-03 
1.301e+01 9.930e-02 2.700e-04 2.700e-04 4.390e-03 5.330e-03 
1.490e+01 6.277e-02 1.900e-04 1.900e-04 2.580e-03 3.580e-03 
1.710e+01 4.028e-02 1.400e-04 1.400e-04 1.710e-03 2.500e-03 
1.954e+01 2.650e-02 1.000e-04 1.000e-04 1.180e-03 1.730e-03 
2.238e+01 1.701e-02 8.000e-05 8.000e-05 7.900e-04 1.130e-03 
2.567e+01 1.114e-02 6.000e-05 6.000e-05 5.300e-04 7.300e-04 
2.946e+01 7.059e-03 2.800e-05 2.800e-05 3.390e-04 4.490e-04 
3.384e+01 4.399e-03 2.100e-05 2.100e-05 1.860e-04 2.490e-04 
3.888e+01 2.854e-03 1.600e-05 1.600e-05 1.190e-04 1.520e-04 
4.466e+01 1.818e-03 1.200e-05 1.200e-05 7.500e-05 9.100e-05 
5.129e+01 1.182e-03 9.000e-06 9.000e-06 4.900e-05 5.600e-05 
5.886e+01 7.670e-04 6.600e-06 6.600e-06 3.180e-05 3.440e-05 
6.754e+01 4.988e-04 4.900e-06 4.900e-06 2.060e-05 2.100e-05 
7.755e+01 3.191e-04 3.600e-06 3.600e-06 1.350e-05 1.280e-05 
8.907e+01 2.072e-04 2.700e-06 2.700e-06 8.900e-06 8.000e-06 
1.023e+02 1.360e-04 2.000e-06 2.000e-06 6.000e-06 5.000e-06 
1.174e+02 8.810e-05 1.500e-06 1.500e-06 4.000e-06 3.200e-06 
1.348e+02 5.730e-05 1.200e-06 1.200e-06 2.700e-06 2.000e-06 
1.548e+02 3.800e-05 9.000e-07 9.000e-07 1.900e-06 1.400e-06 
1.777e+02 2.540e-05 7.000e-07 7.000e-07 1.300e-06 9.000e-07 
2.041e+02 1.630e-05 5.000e-07 5.000e-07 8.000e-07 6.000e-07 
2.343e+02 1.030e-05 4.000e-07 4.000e-07 5.000e-07 4.000e-07 
2.689e+02 6.880e-06 2.800e-07 2.800e-07 3.300e-07 2.500e-07 
3.088e+02 4.510e-06 2.100e-07 2.100e-07 2.000e-07 1.700e-07 
3.545e+02 2.850e-06 1.600e-07 1.600e-07 1.200e-07 1.100e-07 
4.071e+02 1.720e-06 1.100e-07 1.100e-07 7.000e-08 7.000e-08 
4.674e+02 1.120e-06 7.000e-08 7.000e-08 5.000e-08 5.000e-08 
5.366e+02 6.500e-07 5.000e-08 5.000e-08 4.200e-08 2.800e-08 
6.161e+02 4.490e-07 3.800e-08 3.800e-08 3.000e-08 2.400e-08 
7.074e+02 2.580e-07 2.800e-08 2.800e-08 1.800e-08 1.600e-08 
8.122e+02 1.870e-07 2.200e-08 2.200e-08 1.800e-08 1.300e-08 
9.325e+02 1.380e-07 1.800e-08 1.800e-08 1.300e-08 1.000e-08 
1.071e+03 9.310e-08 1.350e-08 1.350e-08 6.000e-09 8.100e-09 
1.229e+03 4.480e-08 8.900e-09 8.900e-09 2.700e-09 4.100e-09 
1.411e+03 1.670e-08 5.200e-09 5.200e-09 1.200e-09 1.900e-09 
1.621e+03 1.880e-08 5.200e-09 5.200e-09 1.400e-09 2.200e-09 
1.861e+03 1.250e-08 3.900e-09 3.900e-09 1.100e-09 1.700e-09 
2.136e+03 3.790e-09 2.040e-09 3.080e-09 7.600e-10 5.500e-10 
2.453e+03 3.060e-09 1.370e-09 2.290e-09 6.300e-10 5.200e-10 
2.816e+03 3.130e-09 1.630e-09 2.040e-09 6.500e-10 6.000e-10 
3.233e+03 1.050e-09 7.100e-10 1.430e-09 3.200e-10 2.200e-10 
3.712e+03 9.600e-10 6.450e-10 1.267e-09 2.880e-10 2.120e-10 
4.262e+03 8.290e-10 5.600e-10 1.121e-09 2.450e-10 2.170e-10 
