#Source: SSDC
#Ref: 10.1038/nature24475 (2017Natur.552...63D)
#Experiment: DAMPE
#Y Quantity: e+e-
#X Quantity: kineticEnergy
#Url: https://tools.ssdc.asi.it/CosmicRays/
#Comments: 
#Colums: x, y, y statistical errors, y systematic errors
2.567e+01 1.160e-02 0.000e+00 0.000e+00 3.000e-04 3.000e-04 
2.946e+01 7.380e-03 2.000e-05 2.000e-05 1.900e-04 1.900e-04 
3.384e+01 4.760e-03 2.000e-05 2.000e-05 1.300e-04 1.300e-04 
3.888e+01 3.080e-03 1.000e-05 1.000e-05 8.000e-05 8.000e-05 
4.466e+01 2.000e-03 1.000e-05 1.000e-05 5.000e-05 5.000e-05 
5.129e+01 1.280e-03 1.000e-05 1.000e-05 3.000e-05 3.000e-05 
5.886e+01 8.320e-04 4.000e-06 4.000e-06 2.100e-05 2.100e-05 
6.754e+01 5.420e-04 3.000e-06 3.000e-06 1.300e-05 1.300e-05 
7.755e+01 3.540e-04 2.000e-06 2.000e-06 9.000e-06 9.000e-06 
8.907e+01 2.310e-04 1.000e-06 1.000e-06 6.000e-06 6.000e-06 
1.023e+02 1.520e-04 1.000e-06 1.000e-06 4.000e-06 4.000e-06 
1.174e+02 1.000e-04 1.000e-06 1.000e-06 2.000e-06 2.000e-06 
1.348e+02 6.490e-05 6.000e-07 6.000e-07 1.600e-06 1.600e-06 
1.548e+02 4.140e-05 4.000e-07 4.000e-07 1.000e-06 1.000e-06 
1.777e+02 2.780e-05 3.000e-07 3.000e-07 7.000e-07 7.000e-07 
2.041e+02 1.810e-05 3.000e-07 3.000e-07 5.000e-07 5.000e-07 
2.343e+02 1.200e-05 2.000e-07 2.000e-07 3.000e-07 3.000e-07 
2.689e+02 7.590e-06 1.400e-07 1.400e-07 1.900e-07 1.900e-07 
3.088e+02 4.810e-06 1.100e-07 1.100e-07 1.200e-07 1.200e-07 
3.545e+02 3.250e-06 8.000e-08 8.000e-08 8.000e-08 8.000e-08 
4.071e+02 2.120e-06 6.000e-08 6.000e-08 5.000e-08 5.000e-08 
4.674e+02 1.320e-06 5.000e-08 5.000e-08 3.000e-08 3.000e-08 
5.366e+02 8.490e-07 3.400e-08 3.400e-08 2.100e-08 2.100e-08 
6.161e+02 6.130e-07 2.700e-08 2.700e-08 1.500e-08 1.500e-08 
7.074e+02 3.920e-07 2.000e-08 2.000e-08 1.000e-08 1.000e-08 
8.122e+02 2.380e-07 1.500e-08 1.500e-08 6.000e-09 6.000e-09 
9.325e+02 1.520e-07 1.100e-08 1.100e-08 4.000e-09 4.000e-09 
1.071e+03 9.290e-08 8.200e-09 8.200e-09 2.700e-09 2.700e-09 
1.229e+03 4.380e-08 5.300e-09 5.300e-09 1.400e-09 1.400e-09 
1.411e+03 4.990e-08 5.300e-09 5.300e-09 1.700e-09 1.700e-09 
1.621e+03 1.520e-08 2.800e-09 2.800e-09 6.000e-10 6.000e-10 
1.861e+03 1.070e-08 2.200e-09 2.200e-09 5.000e-10 5.000e-10 
2.136e+03 6.240e-09 1.610e-09 1.610e-09 3.000e-10 3.000e-10 
2.453e+03 3.840e-09 1.200e-09 1.200e-09 2.100e-10 2.100e-10 
2.816e+03 1.030e-09 6.300e-10 6.300e-10 7.000e-11 7.000e-11 
3.233e+03 9.530e-10 5.640e-10 5.640e-10 7.000e-11 7.000e-11 
3.712e+03 9.070e-10 5.120e-10 5.120e-10 7.700e-11 7.700e-11 
4.262e+03 6.150e-10 4.020e-10 4.020e-10 6.000e-11 6.000e-11 
