#Source: SSDC
#Ref: 10.1103/PhysRevD.95.082007 (2017PhRvD..95h2007A)
#Experiment: FERMI
#Y Quantity: e+e-
#X Quantity: kineticEnergy
#Url: https://tools.ssdc.asi.it/CosmicRays/
#Comments: 
#Colums: x, y, y statistical errors, y systematic errors
4.528e+01 1.779e-03 2.643e-06 2.643e-06 3.132e-05 3.132e-05 
5.228e+01 1.137e-03 1.660e-06 1.660e-06 1.819e-05 1.819e-05 
6.038e+01 7.422e-04 1.228e-06 1.228e-06 2.298e-05 2.298e-05 
6.972e+01 4.655e-04 6.880e-07 6.880e-07 1.055e-05 1.055e-05 
8.051e+01 2.978e-04 5.563e-07 5.563e-07 6.555e-06 6.555e-06 
9.298e+01 1.927e-04 4.046e-07 4.046e-07 4.826e-06 4.826e-06 
1.074e+02 1.236e-04 2.397e-07 2.397e-07 3.161e-06 3.161e-06 
1.240e+02 8.059e-05 1.703e-07 1.703e-07 2.393e-06 2.393e-06 
1.432e+02 5.242e-05 1.293e-07 1.293e-07 1.847e-06 1.847e-06 
1.653e+02 3.329e-05 9.738e-08 9.738e-08 1.220e-06 1.220e-06 
1.909e+02 2.155e-05 5.855e-08 5.855e-08 7.055e-07 7.055e-07 
2.205e+02 1.398e-05 4.419e-08 4.419e-08 5.339e-07 5.339e-07 
2.546e+02 8.799e-06 3.386e-08 3.386e-08 3.773e-07 3.773e-07 
2.940e+02 5.876e-06 2.750e-08 2.750e-08 2.799e-07 2.799e-07 
3.395e+02 3.702e-06 1.776e-08 1.776e-08 1.762e-07 1.762e-07 
3.921e+02 2.330e-06 1.361e-08 1.361e-08 1.431e-07 1.330e-07 
4.528e+02 1.555e-06 1.045e-08 1.045e-08 1.330e-07 1.330e-07 
5.228e+02 9.622e-07 7.914e-09 7.914e-09 7.035e-08 7.035e-08 
6.038e+02 6.159e-07 5.396e-09 5.396e-09 4.595e-08 4.595e-08 
6.972e+02 4.112e-07 4.165e-09 4.165e-09 3.371e-08 3.371e-08 
8.051e+02 2.671e-07 3.249e-09 3.249e-09 2.288e-08 2.288e-08 
9.298e+02 1.628e-07 2.461e-09 2.461e-09 1.577e-08 1.577e-08 
1.074e+03 1.031e-07 1.834e-09 1.834e-09 9.506e-09 9.506e-09 
1.240e+03 6.314e-08 1.432e-09 1.432e-09 6.201e-09 6.201e-09 
1.432e+03 3.833e-08 1.050e-09 1.050e-09 4.996e-09 4.996e-09 
1.653e+03 2.571e-08 9.171e-10 9.171e-10 3.869e-09 3.869e-09 
1.909e+03 1.618e-08 6.251e-10 6.251e-10 2.240e-09 2.240e-09 
