#Source: mytables
#Ref: 10.1051/0004-6361/200913323 (2009A&A...508..561A)
#Experiment: HESS
#Y Quantity: e+e-
#X Quantity: totalEnergy
#Url: https://www.mpi-hd.mpg.de/hfm/HESS/pages/publications/auxiliary/auxinfo_electrons2.html
#Comments: systematic errors not official, derived from URL
#Colums: x, y, y statistical errors, y systematic errors
7.147e+02 4.071e-07 1.460e-08 1.460e-08 8.565e-08 8.387e-08 
9.300e+02 1.653e-07 7.099e-09 7.099e-09 3.500e-08 3.470e-08 
1.214e+03 6.028e-08 2.679e-09 2.679e-09 1.300e-08 1.303e-08 
1.579e+03 1.898e-08 1.259e-09 1.259e-09 4.242e-09 4.300e-09 
2.035e+03 7.530e-09 6.246e-10 6.246e-10 1.793e-09 1.834e-09 
2.655e+03 1.930e-09 3.140e-10 3.140e-10 5.127e-10 5.279e-10 
3.455e+03 5.716e-10 1.792e-10 1.792e-10 1.787e-10 1.846e-10 
4.510e+03 4.984e-10 9.116e-11 9.116e-11 1.951e-10 2.015e-10 
3.731e+02 2.881e-06 1.448e-07 1.448e-07 7.515e-07 7.845e-07 
4.486e+02 1.884e-06 7.201e-08 7.201e-08 4.942e-07 5.048e-07 
5.393e+02 9.542e-07 5.330e-08 5.330e-08 2.513e-07 2.516e-07 
6.403e+02 5.965e-07 3.295e-08 3.295e-08 1.580e-07 1.541e-07 
7.618e+02 3.425e-07 2.065e-08 2.065e-08 8.952e-08 8.942e-08 
9.159e+02 2.030e-07 1.596e-08 1.596e-08 5.162e-08 5.467e-08 
1.101e+03 8.752e-08 9.587e-09 9.587e-09 2.237e-08 2.293e-08 
1.324e+03 4.423e-08 5.836e-09 5.836e-09 1.129e-08 1.136e-08 
