#Source: SSDC
#Ref: 10.1038/nature24475 (2017Natur.552...63D)
#Experiment: DAMPE
#Quantity: leptons
#Units: kinetic energy
#Url: https://tools.ssdc.asi.it/CosmicRays/
#Comments: 
2.56905e+01 1.16000e-02 3.00000e-04 3.00000e-04 0.00000e+00 0.00000e+00 
2.94788e+01 7.38000e-03 1.91050e-04 1.91050e-04 2.00000e-05 2.00000e-05 
3.38686e+01 4.76000e-03 1.31529e-04 1.31529e-04 2.00000e-05 2.00000e-05 
3.89064e+01 3.08000e-03 8.06226e-05 8.06226e-05 1.00000e-05 1.00000e-05 
4.46926e+01 2.00000e-03 5.09902e-05 5.09902e-05 1.00000e-05 1.00000e-05 
5.13274e+01 1.28000e-03 3.16228e-05 3.16228e-05 1.00000e-05 1.00000e-05 
5.89109e+01 8.32000e-04 2.13776e-05 2.13776e-05 4.00000e-06 4.00000e-06 
6.75902e+01 5.42000e-04 1.33417e-05 1.33417e-05 3.00000e-06 3.00000e-06 
7.76124e+01 3.54000e-04 9.21954e-06 9.21954e-06 2.00000e-06 2.00000e-06 
8.91381e+01 2.31000e-04 6.08276e-06 6.08276e-06 1.00000e-06 1.00000e-06 
1.02354e+02 1.52000e-04 4.12311e-06 4.12311e-06 1.00000e-06 1.00000e-06 
1.17521e+02 1.00000e-04 2.23607e-06 2.23607e-06 1.00000e-06 1.00000e-06 
1.34880e+02 6.49000e-05 1.70880e-06 1.70880e-06 6.00000e-07 6.00000e-07 
1.54877e+02 4.14000e-05 1.07703e-06 1.07703e-06 4.00000e-07 4.00000e-07 
1.77875e+02 2.78000e-05 7.61577e-07 7.61577e-07 3.00000e-07 3.00000e-07 
2.04214e+02 1.81000e-05 5.83095e-07 5.83095e-07 3.00000e-07 3.00000e-07 
2.34441e+02 1.20000e-05 3.60555e-07 3.60555e-07 2.00000e-07 2.00000e-07 
2.69158e+02 7.59000e-06 2.36008e-07 2.36008e-07 1.40000e-07 1.40000e-07 
3.09013e+02 4.81000e-06 1.62788e-07 1.62788e-07 1.10000e-07 1.10000e-07 
3.54802e+02 3.25000e-06 1.13137e-07 1.13137e-07 8.00000e-08 8.00000e-08 
4.07379e+02 2.12000e-06 7.81025e-08 7.81025e-08 6.00000e-08 6.00000e-08 
4.67733e+02 1.32000e-06 5.83095e-08 5.83095e-08 5.00000e-08 5.00000e-08 
5.37020e+02 8.49000e-07 3.99625e-08 3.99625e-08 3.40000e-08 3.40000e-08 
6.16577e+02 6.13000e-07 3.08869e-08 3.08869e-08 2.70000e-08 2.70000e-08 
7.07960e+02 3.92000e-07 2.23607e-08 2.23607e-08 2.00000e-08 2.00000e-08 
8.12860e+02 2.38000e-07 1.61555e-08 1.61555e-08 1.50000e-08 1.50000e-08 
9.33274e+02 1.52000e-07 1.17047e-08 1.17047e-08 1.10000e-08 1.10000e-08 
1.07145e+03 9.29000e-08 8.63308e-09 8.63308e-09 8.20000e-09 8.20000e-09 
1.23007e+03 4.38000e-08 5.48179e-09 5.48179e-09 5.30000e-09 5.30000e-09 
1.41260e+03 4.99000e-08 5.56597e-09 5.56597e-09 5.30000e-09 5.30000e-09 
1.62214e+03 1.52000e-08 2.86356e-09 2.86356e-09 2.80000e-09 2.80000e-09 
1.86207e+03 1.07000e-08 2.25610e-09 2.25610e-09 2.20000e-09 2.20000e-09 
2.13788e+03 6.24000e-09 1.63771e-09 1.63771e-09 1.61000e-09 1.61000e-09 
2.45465e+03 3.84000e-09 1.21824e-09 1.21824e-09 1.20000e-09 1.20000e-09 
2.81826e+03 1.03000e-09 6.33877e-10 6.33877e-10 6.30000e-10 6.30000e-10 
3.23579e+03 9.53000e-10 5.68327e-10 5.68327e-10 5.64000e-10 5.64000e-10 
3.71512e+03 9.07000e-10 5.17758e-10 5.17758e-10 5.12000e-10 5.12000e-10 
4.26581e+03 6.15000e-10 4.06453e-10 4.06453e-10 4.02000e-10 4.02000e-10 
