#Source: 
#Ref: 10.1103/PhysRevD.98.062004 (2018PhRvD..98f2004A)
#Experiment: VERITAS
#Quantity: leptons
#Units: total energy
#Url: 
#Comments: possible error in Table I: the flux is in GeV^-1
3.34933e+02 3.14000e-06 1.04081e-06 2.01198e-06 9.79000e-08 9.79000e-08 
3.75886e+02 2.10400e-06 6.99466e-07 1.34922e-06 8.46900e-08 8.46900e-08 
4.21789e+02 1.49100e-06 4.95299e-07 9.55930e-07 5.68100e-08 5.68100e-08 
4.73230e+02 9.76100e-07 3.25564e-07 6.26491e-07 4.72800e-08 4.72800e-08 
5.30624e+02 7.16800e-07 2.38593e-07 4.59812e-07 3.12000e-08 3.12000e-08 
5.95501e+02 4.48000e-07 1.49961e-07 2.87819e-07 2.51300e-08 2.51300e-08 
6.68392e+02 3.52400e-07 1.17099e-07 2.25953e-07 1.37200e-08 1.37200e-08 
7.49768e+02 2.33300e-07 7.78699e-08 1.49768e-07 1.16800e-08 1.16800e-08 
8.41103e+02 1.37600e-07 4.59731e-08 8.83567e-08 7.18600e-09 7.18600e-09 
9.99851e+02 6.37000e-08 2.15400e-08 4.10380e-08 4.70000e-09 4.70000e-09 
1.25912e+03 2.68900e-08 9.28151e-09 1.74234e-08 2.72100e-09 2.72100e-09 
1.67897e+03 8.62000e-09 3.03498e-09 5.61733e-09 1.05800e-09 1.05800e-09 
2.37106e+03 2.23300e-09 7.96184e-10 1.46058e-09 3.01500e-10 3.01500e-10 
3.34940e+03 4.64500e-10 1.95660e-10 3.21188e-10 1.21600e-10 1.21600e-10 
4.73130e+03 3.62100e-10 2.14389e-10 2.92214e-10 1.78000e-10 1.78000e-10 
