# arXiv:1808.10028
# https://ui.adsabs.harvard.edu/abs/2018PhRvD..98f2004A
# T [GeV] flux [m-2 s-1 sr-1 GeV-1] total_error_low total_error_high
3.34744e+02   3.14000e-06   1.04081e-06   2.01198e-06   
3.75681e+02   2.10400e-06   6.99466e-07   1.34922e-06   
4.21552e+02   1.49100e-06   4.95299e-07   9.55930e-07   
4.72974e+02   9.76100e-07   3.25564e-07   6.26491e-07   
5.30333e+02   7.16800e-07   2.38593e-07   4.59812e-07   
5.95169e+02   4.48000e-07   1.49961e-07   2.87819e-07   
6.68023e+02   3.52400e-07   1.17099e-07   2.25953e-07   
7.49358e+02   2.33300e-07   7.78699e-08   1.49768e-07   
8.40638e+02   1.37600e-07   4.59731e-08   8.83567e-08   
9.97644e+02   6.37000e-08   2.15400e-08   4.10380e-08   
1.25634e+03   2.68900e-08   9.28151e-09   1.74234e-08   
1.67071e+03   8.62000e-09   3.03498e-09   5.61733e-09   
2.35936e+03   2.23300e-09   7.96184e-10   1.46058e-09   
3.33286e+03   4.64500e-10   1.95660e-10   3.21188e-10   
4.70796e+03   3.62100e-10   2.14389e-10   2.92214e-10   
