# SSDC Cosmic Ray Database tools.asdc.asi.it/CosmicRays
# https://ui.adsabs.harvard.edu/abs/2017Natur.552...63D
# T [GeV] flux [m-2 s-1 sr-1 GeV-1] total_error_low total_error_high
2.56707e+01   1.16000e-02   3.00000e-04   3.00000e-04   
2.94551e+01   7.38000e-03   1.91050e-04   1.91050e-04   
3.38415e+01   4.76000e-03   1.31529e-04   1.31529e-04   
3.88753e+01   3.08000e-03   8.06226e-05   8.06226e-05   
4.46569e+01   2.00000e-03   5.09902e-05   5.09902e-05   
5.12866e+01   1.28000e-03   3.16228e-05   3.16228e-05   
5.88647e+01   8.32000e-04   2.13776e-05   2.13776e-05   
6.75371e+01   5.42000e-04   1.33417e-05   1.33417e-05   
7.75499e+01   3.54000e-04   9.21954e-06   9.21954e-06   
8.90676e+01   2.31000e-04   6.08276e-06   6.08276e-06   
1.02272e+02   1.52000e-04   4.12311e-06   4.12311e-06   
1.17428e+02   1.00000e-04   2.23607e-06   2.23607e-06   
1.34773e+02   6.49000e-05   1.70880e-06   1.70880e-06   
1.54753e+02   4.14000e-05   1.07703e-06   1.07703e-06   
1.77734e+02   2.78000e-05   7.61577e-07   7.61577e-07   
2.04052e+02   1.81000e-05   5.83095e-07   5.83095e-07   
2.34255e+02   1.20000e-05   3.60555e-07   3.60555e-07   
2.68944e+02   7.59000e-06   2.36008e-07   2.36008e-07   
3.08768e+02   4.81000e-06   1.62788e-07   1.62788e-07   
3.54519e+02   3.25000e-06   1.13137e-07   1.13137e-07   
4.07055e+02   2.12000e-06   7.81025e-08   7.81025e-08   
4.67361e+02   1.32000e-06   5.83095e-08   5.83095e-08   
5.36594e+02   8.49000e-07   3.99625e-08   3.99625e-08   
6.16086e+02   6.13000e-07   3.08869e-08   3.08869e-08   
7.07397e+02   3.92000e-07   2.23607e-08   2.23607e-08   
8.12214e+02   2.38000e-07   1.61555e-08   1.61555e-08   
9.32533e+02   1.52000e-07   1.17047e-08   1.17047e-08   
1.07069e+03   9.29000e-08   8.63308e-09   8.63308e-09   
1.22934e+03   4.38000e-08   5.48179e-09   5.48179e-09   
1.41146e+03   4.99000e-08   5.56597e-09   5.56597e-09   
1.62054e+03   1.52000e-08   2.86356e-09   2.86356e-09   
1.86062e+03   1.07000e-08   2.25610e-09   2.25610e-09   
2.13630e+03   6.24000e-09   1.63771e-09   1.63771e-09   
2.45279e+03   3.84000e-09   1.21824e-09   1.21824e-09   
2.81614e+03   1.03000e-09   6.33877e-10   6.33877e-10   
3.23335e+03   9.53000e-10   5.68327e-10   5.68327e-10   
3.71243e+03   9.07000e-10   5.17758e-10   5.17758e-10   
4.26243e+03   6.15000e-10   4.06453e-10   4.06453e-10   
