#Source: SSDC
#Ref: 10.1103/PhysRevLett.120.261102 (2018PhRvL.120z1102A)
#Experiment: CALET
#Quantity: leptons
#Units: kinetic energy
#Url: https://tools.ssdc.asi.it/CosmicRays/
#Comments: 
1.13719e+01 1.52600e-01 1.03078e-02 9.30860e-03 4.00000e-04 4.00000e-04 
1.30223e+01 9.93000e-02 4.39830e-03 5.33683e-03 2.70000e-04 2.70000e-04 
1.49131e+01 6.27700e-02 2.58699e-03 3.58504e-03 1.90000e-04 1.90000e-04 
1.71114e+01 4.02800e-02 1.71572e-03 2.50392e-03 1.40000e-04 1.40000e-04 
1.95568e+01 2.65000e-02 1.18423e-03 1.73289e-03 1.00000e-04 1.00000e-04 
2.23964e+01 1.70100e-02 7.94040e-04 1.13283e-03 8.00000e-05 8.00000e-05 
2.56905e+01 1.11400e-02 5.33385e-04 7.32462e-04 6.00000e-05 6.00000e-05 
2.94788e+01 7.05900e-03 3.40154e-04 4.49872e-04 2.80000e-05 2.80000e-05 
3.38686e+01 4.39900e-03 1.87182e-04 2.49884e-04 2.10000e-05 2.10000e-05 
3.89064e+01 2.85400e-03 1.20071e-04 1.52840e-04 1.60000e-05 1.60000e-05 
4.46926e+01 1.81800e-03 7.59539e-05 9.17878e-05 1.20000e-05 1.20000e-05 
5.13274e+01 1.18200e-03 4.98197e-05 5.67186e-05 9.00000e-06 9.00000e-06 
5.89109e+01 7.67000e-04 3.24777e-05 3.50274e-05 6.60000e-06 6.60000e-06 
6.75902e+01 4.98800e-04 2.11747e-05 2.15641e-05 4.90000e-06 4.90000e-06 
7.76124e+01 3.19100e-04 1.39718e-05 1.32966e-05 3.60000e-06 3.60000e-06 
8.91381e+01 2.07200e-04 9.30054e-06 8.44334e-06 2.70000e-06 2.70000e-06 
1.02354e+02 1.36000e-04 6.32456e-06 5.38516e-06 2.00000e-06 2.00000e-06 
1.17521e+02 8.81000e-05 4.27200e-06 3.53412e-06 1.50000e-06 1.50000e-06 
1.34880e+02 5.73000e-05 2.95466e-06 2.33238e-06 1.20000e-06 1.20000e-06 
1.54877e+02 3.80000e-05 2.10238e-06 1.66433e-06 9.00000e-07 9.00000e-07 
1.77875e+02 2.54000e-05 1.47648e-06 1.14018e-06 7.00000e-07 7.00000e-07 
2.04214e+02 1.63000e-05 9.43398e-07 7.81025e-07 5.00000e-07 5.00000e-07 
2.34441e+02 1.03000e-05 6.40312e-07 5.65685e-07 4.00000e-07 4.00000e-07 
2.69158e+02 6.88000e-06 4.32782e-07 3.75366e-07 2.80000e-07 2.80000e-07 
3.09013e+02 4.51000e-06 2.90000e-07 2.70185e-07 2.10000e-07 2.10000e-07 
3.54802e+02 2.85000e-06 2.00000e-07 1.94165e-07 1.60000e-07 1.60000e-07 
4.07379e+02 1.72000e-06 1.30384e-07 1.30384e-07 1.10000e-07 1.10000e-07 
4.67733e+02 1.12000e-06 8.60233e-08 8.60233e-08 7.00000e-08 7.00000e-08 
5.37020e+02 6.50000e-07 6.52993e-08 5.73062e-08 5.00000e-08 5.00000e-08 
6.16577e+02 4.49000e-07 4.84149e-08 4.49444e-08 3.80000e-08 3.80000e-08 
7.07960e+02 2.58000e-07 3.32866e-08 3.22490e-08 2.80000e-08 2.80000e-08 
8.12860e+02 1.87000e-07 2.84253e-08 2.55539e-08 2.20000e-08 2.20000e-08 
9.33274e+02 1.38000e-07 2.22036e-08 2.05913e-08 1.80000e-08 1.80000e-08 
1.07145e+03 9.31000e-08 1.47733e-08 1.57436e-08 1.35000e-08 1.35000e-08 
1.23007e+03 4.48000e-08 9.30054e-09 9.79898e-09 8.90000e-09 8.90000e-09 
1.41260e+03 1.67000e-08 5.33667e-09 5.53624e-09 5.20000e-09 5.20000e-09 
1.62214e+03 1.88000e-08 5.38516e-09 5.64624e-09 5.20000e-09 5.20000e-09 
1.86207e+03 1.25000e-08 4.05216e-09 4.25441e-09 3.90000e-09 3.90000e-09 
2.13788e+03 3.79000e-09 2.17697e-09 3.12872e-09 2.04000e-09 2.04000e-09 
2.45465e+03 3.06000e-09 1.50791e-09 2.34830e-09 1.37000e-09 1.37000e-09 
2.81826e+03 3.13000e-09 1.75482e-09 2.12641e-09 1.63000e-09 1.63000e-09 
3.23579e+03 1.05000e-09 7.78781e-10 1.44682e-09 7.10000e-10 7.10000e-10 
3.71512e+03 9.60000e-10 7.06377e-10 1.28461e-09 6.45000e-10 6.45000e-10 
4.26581e+03 8.29000e-10 6.11249e-10 1.14181e-09 5.60000e-10 5.60000e-10 
