#Source: SSDC
#Ref: 10.1103/PhysRevLett.122.101101 (2019PhRvL.122j1101A)
#Experiment: AMS-02
#Quantity: leptons
#Units: kinetic energy
#Url: https://tools.ssdc.asi.it/CosmicRays/
#Comments: 
5.70088e-01 1.99800e+01 9.09560e-01 9.09560e-01 2.30000e-01 2.30000e-01 
7.30068e-01 1.96700e+01 7.13442e-01 7.13442e-01 7.00000e-02 7.00000e-02 
9.10055e-01 1.88500e+01 5.51453e-01 5.51453e-01 4.00000e-02 4.00000e-02 
1.11005e+00 1.75400e+01 4.21070e-01 4.21070e-01 3.00000e-02 3.00000e-02 
1.33462e+00 1.54400e+01 3.00666e-01 3.00666e-01 2.00000e-02 2.00000e-02 
1.58468e+00 1.32000e+01 2.20227e-01 2.20227e-01 1.00000e-02 1.00000e-02 
1.85472e+00 1.11900e+01 1.60312e-01 1.60312e-01 1.00000e-02 1.00000e-02 
2.14942e+00 9.10300e+00 1.18271e-01 1.18271e-01 8.00000e-03 8.00000e-03 
2.47417e+00 7.43100e+00 8.92020e-02 8.92020e-02 6.00000e-03 6.00000e-03 
2.81957e+00 5.90300e+00 6.81836e-02 6.81836e-02 5.00000e-03 5.00000e-03 
3.17490e+00 4.70800e+00 5.31507e-02 5.31507e-02 4.00000e-03 4.00000e-03 
3.54017e+00 3.78900e+00 4.21070e-02 4.21070e-02 3.00000e-03 3.00000e-03 
3.92015e+00 3.04000e+00 3.40588e-02 3.40588e-02 2.00000e-03 2.00000e-03 
4.32490e+00 2.41800e+00 2.70740e-02 2.70740e-02 2.00000e-03 2.00000e-03 
4.76445e+00 1.90700e+00 2.10950e-02 2.10950e-02 2.00000e-03 2.00000e-03 
5.23927e+00 1.49100e+00 1.70294e-02 1.70294e-02 1.00000e-03 1.00000e-03 
5.73934e+00 1.16600e+00 1.30384e-02 1.30384e-02 1.00000e-03 1.00000e-03 
6.26418e+00 9.20700e-01 1.05304e-02 1.05304e-02 8.00000e-04 8.00000e-04 
6.81425e+00 7.27400e-01 8.42912e-03 8.42912e-03 7.00000e-04 7.00000e-04 
7.38911e+00 5.74100e-01 6.72681e-03 6.72681e-03 6.00000e-04 6.00000e-04 
7.98918e+00 4.55000e-01 5.32353e-03 5.32353e-03 5.00000e-04 5.00000e-04 
8.61887e+00 3.60500e-01 4.31856e-03 4.31856e-03 4.00000e-04 4.00000e-04 
9.27895e+00 2.90000e-01 3.41321e-03 3.41321e-03 3.00000e-04 3.00000e-04 
9.96385e+00 2.32900e-01 2.81603e-03 2.81603e-03 3.00000e-04 3.00000e-04 
1.06739e+01 1.88000e-01 2.31948e-03 2.31948e-03 3.00000e-04 3.00000e-04 
1.14137e+01 1.52100e-01 1.91050e-03 1.91050e-03 2.00000e-04 2.00000e-04 
1.21886e+01 1.23900e-01 1.51327e-03 1.51327e-03 2.00000e-04 2.00000e-04 
1.29935e+01 1.01200e-01 1.31529e-03 1.31529e-03 2.00000e-04 2.00000e-04 
1.38236e+01 8.31300e-02 1.04087e-03 1.04087e-03 1.50000e-04 1.50000e-04 
1.46883e+01 6.82600e-02 8.59884e-04 8.59884e-04 1.30000e-04 1.30000e-04 
1.55884e+01 5.64200e-02 7.18471e-04 7.18471e-04 1.10000e-04 1.10000e-04 
1.65182e+01 4.65400e-02 5.98415e-04 5.98415e-04 1.00000e-04 1.00000e-04 
1.74831e+01 3.88800e-02 5.08035e-04 5.08035e-04 9.00000e-05 9.00000e-05 
1.84781e+01 3.25000e-02 4.25793e-04 4.25793e-04 7.00000e-05 7.00000e-05 
1.95079e+01 2.74000e-02 3.56931e-04 3.56931e-04 7.00000e-05 7.00000e-05 
2.05778e+01 2.29200e-02 3.05941e-04 3.05941e-04 6.00000e-05 6.00000e-05 
2.16828e+01 1.92500e-02 2.54951e-04 2.54951e-04 5.00000e-05 5.00000e-05 
2.28275e+01 1.62600e-02 2.15870e-04 2.15870e-04 5.00000e-05 5.00000e-05 
2.40125e+01 1.38100e-02 1.84391e-04 1.84391e-04 4.00000e-05 4.00000e-05 
2.52519e+01 1.17600e-02 1.64924e-04 1.64924e-04 4.00000e-05 4.00000e-05 
2.65664e+01 9.91100e-03 1.35823e-04 1.35823e-04 3.20000e-05 3.20000e-05 
2.79559e+01 8.41600e-03 1.15694e-04 1.15694e-04 2.90000e-05 2.90000e-05 
2.94351e+01 7.12800e-03 9.84937e-05 9.84937e-05 2.60000e-05 2.60000e-05 
3.10046e+01 5.95700e-03 8.32406e-05 8.32406e-05 2.30000e-05 2.30000e-05 
3.26638e+01 5.05300e-03 7.08802e-05 7.08802e-05 2.00000e-05 2.00000e-05 
3.44328e+01 4.26000e-03 6.07289e-05 6.07289e-05 1.80000e-05 1.80000e-05 
3.63219e+01 3.58700e-03 5.15461e-05 5.15461e-05 1.60000e-05 1.60000e-05 
3.83359e+01 3.03900e-03 4.33244e-05 4.33244e-05 1.40000e-05 1.40000e-05 
4.04848e+01 2.54300e-03 3.73363e-05 3.73363e-05 1.30000e-05 1.30000e-05 
4.27883e+01 2.12300e-03 3.10161e-05 3.10161e-05 1.10000e-05 1.10000e-05 
4.52668e+01 1.77900e-03 2.60000e-05 2.60000e-05 1.00000e-05 1.00000e-05 
4.79301e+01 1.49900e-03 2.28473e-05 2.28473e-05 9.00000e-06 9.00000e-06 
5.08079e+01 1.22200e-03 1.87883e-05 1.87883e-05 8.00000e-06 8.00000e-06 
5.39305e+01 1.01800e-03 1.56525e-05 1.56525e-05 7.00000e-06 7.00000e-06 
5.73275e+01 8.41900e-04 1.30142e-05 1.30142e-05 5.90000e-06 5.90000e-06 
6.10440e+01 6.80300e-04 1.06944e-05 1.06944e-05 5.10000e-06 5.10000e-06 
6.51248e+01 5.62200e-04 8.95545e-06 8.95545e-06 4.40000e-06 4.40000e-06 
6.96345e+01 4.51100e-04 7.27186e-06 7.27186e-06 3.80000e-06 3.80000e-06 
7.46626e+01 3.67800e-04 6.02080e-06 6.02080e-06 3.20000e-06 3.20000e-06 
8.03092e+01 2.91400e-04 4.82597e-06 4.82597e-06 2.70000e-06 2.70000e-06 
8.67078e+01 2.29900e-04 3.94081e-06 3.94081e-06 2.30000e-06 2.30000e-06 
9.40523e+01 1.78200e-04 3.14006e-06 3.14006e-06 1.90000e-06 1.90000e-06 
1.02597e+02 1.36000e-04 2.42074e-06 2.42074e-06 1.50000e-06 1.50000e-06 
1.12713e+02 1.00600e-04 1.84391e-06 1.84391e-06 1.20000e-06 1.20000e-06 
1.25063e+02 7.32800e-05 1.39445e-06 1.39445e-06 9.40000e-07 9.40000e-07 
1.40202e+02 5.23100e-05 1.04661e-06 1.04661e-06 7.30000e-07 7.30000e-07 
1.59000e+02 3.46900e-05 7.28629e-07 7.28629e-07 5.30000e-07 5.30000e-07 
1.83274e+02 2.17300e-05 4.89183e-07 4.89183e-07 3.70000e-07 3.70000e-07 
2.16551e+02 1.26300e-05 3.20156e-07 3.20156e-07 2.50000e-07 2.50000e-07 
2.62275e+02 7.13600e-06 2.05876e-07 2.05876e-07 1.68000e-07 1.68000e-07 
3.27567e+02 3.70600e-06 1.26052e-07 1.26052e-07 1.08000e-07 1.08000e-07 
4.30116e+02 1.52700e-06 6.57647e-08 6.57647e-08 5.80000e-08 5.80000e-08 
5.91608e+02 5.39100e-07 3.51091e-08 3.51091e-08 3.16000e-08 3.16000e-08 
8.36660e+02 1.96300e-07 2.08000e-08 2.08000e-08 1.92000e-08 1.92000e-08 
