# SSDC Cosmic Ray Database tools.asdc.asi.it/CosmicRays
# https://ui.adsabs.harvard.edu/abs/2019PhRvL.122j1101A
# T [GeV] flux [m-2 s-1 sr-1 GeV-1] total_error_low total_error_high
5.68460e-01   1.99800e+01   9.09560e-01   9.09560e-01   
7.28432e-01   1.96700e+01   7.13442e-01   7.13442e-01   
9.08413e-01   1.88500e+01   5.51453e-01   5.51453e-01   
1.10840e+00   1.75400e+01   4.21070e-01   4.21070e-01   
1.33283e+00   1.54400e+01   3.00666e-01   3.00666e-01   
1.58291e+00   1.32000e+01   2.20227e-01   2.20227e-01   
1.85297e+00   1.11900e+01   1.60312e-01   1.60312e-01   
2.14756e+00   9.10300e+00   1.18271e-01   1.18271e-01   
2.47223e+00   7.43100e+00   8.92020e-02   8.92020e-02   
2.81777e+00   5.90300e+00   6.81836e-02   6.81836e-02   
3.17320e+00   4.70800e+00   5.31507e-02   5.31507e-02   
3.53856e+00   3.78900e+00   4.21070e-02   4.21070e-02   
3.91854e+00   3.04000e+00   3.40588e-02   3.40588e-02   
4.32321e+00   2.41800e+00   2.70740e-02   2.70740e-02   
4.76260e+00   1.90700e+00   2.10950e-02   2.10950e-02   
5.23737e+00   1.49100e+00   1.70294e-02   1.70294e-02   
5.73745e+00   1.16600e+00   1.30384e-02   1.30384e-02   
6.26225e+00   9.20700e-01   1.05304e-02   1.05304e-02   
6.81233e+00   7.27400e-01   8.42912e-03   8.42912e-03   
7.38715e+00   5.74100e-01   6.72681e-03   6.72681e-03   
7.98724e+00   4.55000e-01   5.32353e-03   5.32353e-03   
8.61683e+00   3.60500e-01   4.31856e-03   4.31856e-03   
9.27694e+00   2.90000e-01   3.41321e-03   3.41321e-03   
9.96181e+00   2.32900e-01   2.81603e-03   2.81603e-03   
1.06719e+01   1.88000e-01   2.31948e-03   2.31948e-03   
1.14116e+01   1.52100e-01   1.91050e-03   1.91050e-03   
1.21865e+01   1.23900e-01   1.51327e-03   1.51327e-03   
1.29914e+01   1.01200e-01   1.31529e-03   1.31529e-03   
1.38215e+01   8.31300e-02   1.04087e-03   1.04087e-03   
1.46860e+01   6.82600e-02   8.59884e-04   8.59884e-04   
1.55861e+01   5.64200e-02   7.18471e-04   7.18471e-04   
1.65159e+01   4.65400e-02   5.98415e-04   5.98415e-04   
1.74808e+01   3.88800e-02   5.08035e-04   5.08035e-04   
1.84758e+01   3.25000e-02   4.25793e-04   4.25793e-04   
1.95056e+01   2.74000e-02   3.56931e-04   3.56931e-04   
2.05754e+01   2.29200e-02   3.05941e-04   3.05941e-04   
2.16804e+01   1.92500e-02   2.54951e-04   2.54951e-04   
2.28250e+01   1.62600e-02   2.15870e-04   2.15870e-04   
2.40100e+01   1.38100e-02   1.84391e-04   1.84391e-04   
2.52492e+01   1.17600e-02   1.64924e-04   1.64924e-04   
2.65636e+01   9.91100e-03   1.35823e-04   1.35823e-04   
2.79528e+01   8.41600e-03   1.15694e-04   1.15694e-04   
2.94317e+01   7.12800e-03   9.84937e-05   9.84937e-05   
3.10011e+01   5.95700e-03   8.32406e-05   8.32406e-05   
3.26601e+01   5.05300e-03   7.08802e-05   7.08802e-05   
3.44288e+01   4.26000e-03   6.07289e-05   6.07289e-05   
3.63176e+01   3.58700e-03   5.15461e-05   5.15461e-05   
3.83312e+01   3.03900e-03   4.33244e-05   4.33244e-05   
4.04797e+01   2.54300e-03   3.73363e-05   3.73363e-05   
4.27828e+01   2.12300e-03   3.10161e-05   3.10161e-05   
4.52607e+01   1.77900e-03   2.60000e-05   2.60000e-05   
4.79235e+01   1.49900e-03   2.28473e-05   2.28473e-05   
5.08005e+01   1.22200e-03   1.87883e-05   1.87883e-05   
5.39224e+01   1.01800e-03   1.56525e-05   1.56525e-05   
5.73184e+01   8.41900e-04   1.30142e-05   1.30142e-05   
6.10337e+01   6.80300e-04   1.06944e-05   1.06944e-05   
6.51131e+01   5.62200e-04   8.95545e-06   8.95545e-06   
6.96210e+01   4.51100e-04   7.27186e-06   7.27186e-06   
7.46468e+01   3.67800e-04   6.02080e-06   6.02080e-06   
8.02906e+01   2.91400e-04   4.82597e-06   4.82597e-06   
8.66854e+01   2.29900e-04   3.94081e-06   3.94081e-06   
9.40247e+01   1.78200e-04   3.14006e-06   3.14006e-06   
1.02563e+02   1.36000e-04   2.42074e-06   2.42074e-06   
1.12668e+02   1.00600e-04   1.84391e-06   1.84391e-06   
1.25000e+02   7.32800e-05   1.39445e-06   1.39445e-06   
1.40119e+02   5.23100e-05   1.04661e-06   1.04661e-06   
1.58884e+02   3.46900e-05   7.28629e-07   7.28629e-07   
1.83099e+02   2.17300e-05   4.89183e-07   4.89183e-07   
2.16252e+02   1.26300e-05   3.20156e-07   3.20156e-07   
2.61834e+02   7.13600e-06   2.05876e-07   2.05876e-07   
3.26760e+02   3.70600e-06   1.26052e-07   1.26052e-07   
4.28501e+02   1.52700e-06   6.57647e-08   6.57647e-08   
5.88837e+02   5.39100e-07   3.51091e-08   3.51091e-08   
8.32260e+02   1.96300e-07   2.08000e-08   2.08000e-08   
