#Source: CRDB
#Ref: 10.1103/PhysRevD.95.082007 (2017PhRvD..95h2007A)
#Experiment: FERMI
#Quantity: leptons
#Units: total energy
#Url: https://lpsc.in2p3.fr/crdb
#Comments: 
3.39821e+02 3.70164e-06 1.77129e-07 1.77129e-07 1.77642e-08 1.77642e-08 
3.92419e+02 2.33014e-06 1.33743e-07 1.33743e-07 1.36127e-08 1.36127e-08 
4.53158e+02 1.55548e-06 9.48642e-08 9.48642e-08 1.04466e-08 1.04466e-08 
5.23299e+02 9.62201e-07 7.07926e-08 7.07926e-08 7.91410e-09 7.91410e-09 
6.04296e+02 6.15875e-07 4.62655e-08 4.62655e-08 5.39630e-09 5.39630e-09 
6.97831e+02 4.11165e-07 3.39637e-08 3.39637e-08 4.16510e-09 4.16510e-09 
8.05842e+02 2.67063e-07 2.31080e-08 2.31080e-08 3.24882e-09 3.24882e-09 
9.30572e+02 1.62807e-07 1.59563e-08 1.59563e-08 2.46148e-09 2.46148e-09 
1.07461e+03 1.03082e-07 9.68146e-09 9.68146e-09 1.83384e-09 1.83384e-09 
1.24094e+03 6.31424e-08 6.36443e-09 6.36443e-09 1.43226e-09 1.43226e-09 
1.43301e+03 3.83294e-08 5.10563e-09 5.10563e-09 1.04996e-09 1.04996e-09 
1.65482e+03 2.57081e-08 3.97626e-09 3.97626e-09 9.17085e-10 9.17085e-10 
1.91095e+03 1.61821e-08 2.32592e-09 2.32592e-09 6.25064e-10 6.25064e-10 
4.53159e+01 1.77861e-03 3.14294e-05 3.14294e-05 2.64302e-06 2.64302e-06 
5.23299e+01 1.13720e-03 1.82621e-05 1.82621e-05 1.66031e-06 1.66031e-06 
6.04296e+01 7.42154e-04 2.30134e-05 2.30134e-05 1.22752e-06 1.22752e-06 
6.97831e+01 4.65510e-04 1.05751e-05 1.05751e-05 6.88024e-07 6.88024e-07 
8.05842e+01 2.97786e-04 6.57813e-06 6.57813e-06 5.56264e-07 5.56264e-07 
9.30572e+01 1.92665e-04 4.84250e-06 4.84250e-06 4.04596e-07 4.04596e-07 
1.07461e+02 1.23552e-04 3.16964e-06 3.16964e-06 2.39692e-07 2.39692e-07 
1.24094e+02 8.05903e-05 2.39859e-06 2.39859e-06 1.70287e-07 1.70287e-07 
1.43301e+02 5.24224e-05 1.85178e-06 1.85178e-06 1.29274e-07 1.29274e-07 
1.65482e+02 3.32908e-05 1.22380e-06 1.22380e-06 9.73755e-08 9.73755e-08 
1.91095e+02 2.15513e-05 7.07894e-07 7.07894e-07 5.85548e-08 5.85548e-08 
2.20673e+02 1.39808e-05 5.35712e-07 5.35712e-07 4.41933e-08 4.41933e-08 
2.54829e+02 8.79896e-06 3.78850e-07 3.78850e-07 3.38584e-08 3.38584e-08 
2.94273e+02 5.87596e-06 2.81269e-07 2.81269e-07 2.74995e-08 2.74995e-08 
