# SSDC Cosmic Ray Database tools.asdc.asi.it/CosmicRays
# https://ui.adsabs.harvard.edu/abs/2017PhRvD..95h2007A
# T [GeV] flux [m-2 s-1 sr-1 GeV-1] total_error_low total_error_high
4.52768e+01   1.77861e-03   3.14294e-05   3.14294e-05   
5.22848e+01   1.13720e-03   1.82620e-05   1.82620e-05   
6.03776e+01   7.42154e-04   2.30134e-05   2.30134e-05   
6.97229e+01   4.65510e-04   1.05751e-05   1.05751e-05   
8.05147e+01   2.97786e-04   6.57813e-06   6.57813e-06   
9.29770e+01   1.92665e-04   4.84250e-06   4.84250e-06   
1.07368e+02   1.23552e-04   3.16964e-06   3.16964e-06   
1.23987e+02   8.05903e-05   2.39859e-06   2.39859e-06   
1.43178e+02   5.24224e-05   1.85178e-06   1.85178e-06   
1.65339e+02   3.32908e-05   1.22380e-06   1.22380e-06   
1.90931e+02   2.15513e-05   7.07894e-07   7.07894e-07   
2.20483e+02   1.39808e-05   5.35712e-07   5.35712e-07   
2.54610e+02   8.79896e-06   3.78850e-07   3.78850e-07   
2.94019e+02   5.87596e-06   2.81270e-07   2.81270e-07   
3.39528e+02   3.70164e-06   1.77129e-07   1.77129e-07   
3.92081e+02   2.33014e-06   1.43731e-07   1.33743e-07   
4.52768e+02   1.55547e-06   1.33457e-07   1.33457e-07   
5.22848e+02   9.62201e-07   7.07926e-08   7.07926e-08   
6.03776e+02   6.15875e-07   4.62655e-08   4.62655e-08   
6.97229e+02   4.11165e-07   3.39637e-08   3.39637e-08   
8.05147e+02   2.67063e-07   2.31080e-08   2.31080e-08   
9.29770e+02   1.62807e-07   1.59563e-08   1.59563e-08   
1.07368e+03   1.03082e-07   9.68146e-09   9.68146e-09   
1.23987e+03   6.31424e-08   6.36443e-09   6.36443e-09   
1.43178e+03   3.83294e-08   5.10563e-09   5.10563e-09   
1.65339e+03   2.57081e-08   3.97626e-09   3.97626e-09   
1.90931e+03   1.61821e-08   2.32592e-09   2.32592e-09   
