#Source: mytables
#Ref: 10.1103/PhysRevD.98.062004 (2018PhRvD..98f2004A)
#Experiment: VERITAS
#Y Quantity: e+e-
#X Quantity: totalEnergy
#Url: 
#Comments: 
#Colums: x, y, y statistical errors, y systematic errors
3.349e+02 3.140e-06 9.790e-08 9.790e-08 1.036e-06 2.010e-06 
3.759e+02 2.104e-06 8.469e-08 8.469e-08 6.943e-07 1.347e-06 
4.218e+02 1.491e-06 5.681e-08 5.681e-08 4.920e-07 9.542e-07 
4.732e+02 9.761e-07 4.728e-08 4.728e-08 3.221e-07 6.247e-07 
5.306e+02 7.168e-07 3.120e-08 3.120e-08 2.365e-07 4.588e-07 
5.955e+02 4.480e-07 2.513e-08 2.513e-08 1.478e-07 2.867e-07 
6.684e+02 3.524e-07 1.372e-08 1.372e-08 1.163e-07 2.255e-07 
7.498e+02 2.333e-07 1.168e-08 1.168e-08 7.699e-08 1.493e-07 
8.411e+02 1.376e-07 7.186e-09 7.186e-09 4.541e-08 8.806e-08 
9.999e+02 6.370e-08 4.700e-09 4.700e-09 2.102e-08 4.077e-08 
1.259e+03 2.689e-08 2.721e-09 2.721e-09 8.874e-09 1.721e-08 
1.679e+03 8.620e-09 1.058e-09 1.058e-09 2.845e-09 5.517e-09 
2.371e+03 2.233e-09 3.015e-10 3.015e-10 7.369e-10 1.429e-09 
3.349e+03 4.645e-10 1.216e-10 1.216e-10 1.533e-10 2.973e-10 
