# My local database
# https://pos.sissa.it/301/316
# T [GeV] flux [m-2 s-1 sr-1 GeV-1] total_error_low total_error_high
 3.758e+07  4.577e-17  2.782e-19  2.782e-19
 5.309e+07  1.836e-17  1.483e-19  1.483e-19
 7.499e+07  6.128e-18  7.207e-20  7.207e-20
 1.059e+08  2.099e-18  3.548e-20  3.548e-20
 1.496e+08  6.674e-19  1.684e-20  1.684e-20
 2.113e+08  2.498e-19  8.667e-21  8.667e-21
 2.985e+08  8.654e-20  4.292e-21  4.292e-21
 4.217e+08  3.368e-20  2.253e-21  2.253e-21
 5.957e+08  1.129e-20  1.097e-21  1.097e-21
 8.414e+08  4.129e-21  5.585e-22  5.585e-22
