#Source: KCDC
#Ref: Thesis M. Finger ()
#Experiment: KASCADE
#Quantity: all particle
#Units: total Energy
#Url: https://kcdc.ikp.kit.edu/spectra/
#Comments: 
1.77828e+06 6.69258e-13 5.22441e-15 5.22441e-15 0.00000e+00 0.00000e+00 
2.23872e+06 3.26439e-13 3.17110e-15 3.17110e-15 0.00000e+00 0.00000e+00 
2.81838e+06 1.88789e-13 2.40109e-15 2.40109e-15 0.00000e+00 0.00000e+00 
3.54813e+06 1.05729e-13 1.58416e-15 1.58416e-15 0.00000e+00 0.00000e+00 
4.46684e+06 5.09483e-14 1.02312e-15 1.02312e-15 0.00000e+00 0.00000e+00 
5.62341e+06 2.60305e-14 6.62921e-16 6.62921e-16 0.00000e+00 0.00000e+00 
7.07946e+06 1.39641e-14 4.44808e-16 4.44808e-16 0.00000e+00 0.00000e+00 
8.91251e+06 6.37685e-15 2.54384e-16 2.54384e-16 0.00000e+00 0.00000e+00 
1.12202e+07 3.29683e-15 1.57526e-16 1.57526e-16 0.00000e+00 0.00000e+00 
1.41254e+07 1.58771e-15 9.82182e-17 9.82182e-17 0.00000e+00 0.00000e+00 
1.77828e+07 8.06407e-16 6.76145e-17 6.76145e-17 0.00000e+00 0.00000e+00 
2.23872e+07 3.92666e-16 3.78070e-17 3.78070e-17 0.00000e+00 0.00000e+00 
2.81838e+07 2.03443e-16 2.43169e-17 2.43169e-17 0.00000e+00 0.00000e+00 
3.54813e+07 9.89692e-17 1.27967e-17 1.27967e-17 0.00000e+00 0.00000e+00 
4.46684e+07 3.61711e-17 6.43594e-18 6.43594e-18 0.00000e+00 0.00000e+00 
5.62341e+07 2.68299e-17 4.96903e-18 4.96903e-18 0.00000e+00 0.00000e+00 
7.07946e+07 9.45331e-18 2.65401e-18 2.65401e-18 0.00000e+00 0.00000e+00 
8.91251e+07 4.06086e-18 1.50799e-18 1.50799e-18 0.00000e+00 0.00000e+00 
