#Source: KCDC
#Ref: Budnev et al., Astropart.Phys., 117 (2020) 102406 ()
#Experiment: TUNKA
#Quantity: all particle
#Units: total Energy
#Url: https://kcdc.ikp.kit.edu/spectra/
#Comments: 
7.07946e+06 1.21900e-14 2.61000e-15 2.61000e-15 0.00000e+00 0.00000e+00 
8.91251e+06 5.78000e-15 1.23800e-15 1.23800e-15 0.00000e+00 0.00000e+00 
1.12202e+07 2.62100e-15 5.79000e-16 5.79000e-16 0.00000e+00 0.00000e+00 
1.41254e+07 1.24600e-15 2.62000e-16 2.62000e-16 0.00000e+00 0.00000e+00 
1.77828e+07 6.08600e-16 1.28900e-16 1.28900e-16 0.00000e+00 0.00000e+00 
2.23872e+07 3.05800e-16 6.14000e-17 6.14000e-17 0.00000e+00 0.00000e+00 
2.81838e+07 1.54800e-16 3.23000e-17 3.23000e-17 0.00000e+00 0.00000e+00 
3.54813e+07 7.53700e-17 1.76200e-17 1.76200e-17 0.00000e+00 0.00000e+00 
4.46684e+07 3.89400e-17 7.79000e-18 7.79000e-18 0.00000e+00 0.00000e+00 
5.62341e+07 1.97300e-17 4.46000e-18 4.46000e-18 0.00000e+00 0.00000e+00 
7.07946e+07 1.04600e-17 2.16000e-18 2.16000e-18 0.00000e+00 0.00000e+00 
8.91251e+07 5.00700e-18 1.22400e-18 1.22400e-18 0.00000e+00 0.00000e+00 
1.12202e+08 2.50400e-18 6.82000e-19 6.82000e-19 0.00000e+00 0.00000e+00 
1.41254e+08 1.24500e-18 3.38000e-19 3.38000e-19 0.00000e+00 0.00000e+00 
1.77828e+08 6.19700e-19 1.61600e-19 1.61600e-19 0.00000e+00 0.00000e+00 
2.23872e+08 2.92700e-19 6.96000e-20 6.96000e-20 0.00000e+00 0.00000e+00 
2.81838e+08 1.57900e-19 4.23000e-20 4.23000e-20 0.00000e+00 0.00000e+00 
3.98107e+08 5.18000e-20 1.63900e-20 1.63900e-20 0.00000e+00 0.00000e+00 
6.30957e+08 1.14400e-20 3.03000e-21 3.03000e-21 0.00000e+00 0.00000e+00 
1.00000e+09 2.26200e-21 1.00000e-21 1.00000e-21 0.00000e+00 0.00000e+00 
1.58489e+09 4.94100e-22 1.64700e-22 1.64700e-22 0.00000e+00 0.00000e+00 
2.51189e+09 1.38600e-22 3.14000e-23 3.14000e-23 0.00000e+00 0.00000e+00 
