#Source: 
#Ref: Pierre Auger collaboration, PoS ICRC2019 (2019) 450 ()
#Experiment: AUGER
#Quantity: all particle
#Units: total Energy
#Url: https://www.auger.org/index.php/science/data
#Comments: 
3.54813e+07 6.24272e-17 6.10180e-19 6.16099e-19 0.00000e+00 0.00000e+00 
4.46684e+07 3.22376e-17 3.27301e-19 3.30659e-19 0.00000e+00 0.00000e+00 
5.62341e+07 1.69203e-17 1.86364e-19 1.88320e-19 0.00000e+00 0.00000e+00 
7.07946e+07 8.56563e-18 1.01816e-19 1.03045e-19 0.00000e+00 0.00000e+00 
8.91251e+07 4.38821e-18 5.74698e-20 5.82215e-20 0.00000e+00 0.00000e+00 
1.12202e+08 2.24773e-18 4.65679e-21 4.65768e-21 0.00000e+00 0.00000e+00 
1.41254e+08 1.12493e-18 2.95780e-21 2.95780e-21 0.00000e+00 0.00000e+00 
1.77828e+08 5.44628e-19 1.84279e-21 1.84279e-21 0.00000e+00 0.00000e+00 
2.23872e+08 2.60104e-19 1.13994e-21 1.13994e-21 0.00000e+00 0.00000e+00 
2.81838e+08 1.22943e-19 7.01466e-22 7.01466e-22 0.00000e+00 0.00000e+00 
3.54813e+08 5.77769e-20 4.30367e-22 4.30367e-22 0.00000e+00 0.00000e+00 
4.46684e+08 2.71109e-20 2.63497e-22 2.63497e-22 0.00000e+00 0.00000e+00 
5.62341e+08 1.25013e-20 1.60116e-22 1.60116e-22 0.00000e+00 0.00000e+00 
7.07946e+08 5.83661e-21 9.78606e-23 9.78606e-23 0.00000e+00 0.00000e+00 
8.91251e+08 2.72650e-21 5.98933e-23 5.98933e-23 0.00000e+00 0.00000e+00 
1.12202e+09 1.23973e-21 2.79051e-23 2.79051e-23 0.00000e+00 0.00000e+00 
1.41254e+09 5.86533e-22 1.47040e-23 1.47040e-23 0.00000e+00 0.00000e+00 
1.77828e+09 2.86569e-22 7.57474e-24 7.57474e-24 0.00000e+00 0.00000e+00 
2.23872e+09 1.28868e-22 3.64315e-24 3.64315e-24 0.00000e+00 0.00000e+00 
2.81838e+09 6.12053e-23 2.10156e-25 2.10156e-25 0.00000e+00 0.00000e+00 
3.54813e+09 2.86348e-23 1.29984e-25 1.29984e-25 0.00000e+00 0.00000e+00 
4.46684e+09 1.36987e-23 7.04973e-26 7.04973e-26 0.00000e+00 0.00000e+00 
5.62341e+09 6.94240e-24 4.50794e-26 4.50794e-26 0.00000e+00 0.00000e+00 
7.07946e+09 3.85623e-24 3.02142e-26 3.02142e-26 0.00000e+00 0.00000e+00 
8.91251e+09 2.16998e-24 2.03310e-26 2.03310e-26 0.00000e+00 0.00000e+00 
1.12202e+10 1.19784e-24 1.34846e-26 1.34846e-26 0.00000e+00 0.00000e+00 
1.41254e+10 6.53292e-25 8.87056e-27 8.87056e-27 0.00000e+00 0.00000e+00 
1.77828e+10 3.27957e-25 5.61104e-27 5.61104e-27 0.00000e+00 0.00000e+00 
2.23872e+10 1.68042e-25 3.58776e-27 3.58776e-27 0.00000e+00 0.00000e+00 
2.81838e+10 8.15006e-26 2.23781e-27 2.23781e-27 0.00000e+00 0.00000e+00 
3.54813e+10 4.11202e-26 1.42610e-27 1.42610e-27 0.00000e+00 0.00000e+00 
4.46684e+10 1.84403e-26 8.61236e-28 8.61236e-28 0.00000e+00 0.00000e+00 
5.62341e+10 6.39825e-27 4.55417e-28 4.55417e-28 0.00000e+00 0.00000e+00 
7.07946e+10 2.28125e-27 2.43380e-28 2.43380e-28 0.00000e+00 0.00000e+00 
8.91251e+10 4.13913e-28 9.94108e-29 9.94108e-29 0.00000e+00 0.00000e+00 
1.12202e+11 1.45007e-28 5.60329e-29 5.60329e-29 0.00000e+00 0.00000e+00 
1.41254e+11 9.28117e-29 3.66716e-29 5.51631e-29 0.00000e+00 0.00000e+00 
