#Source: 
#Ref: Telescope Array Collaboration, PoS ICRC2017 (2018) 1096 ()
#Experiment: Telescope Array
#Quantity: all particle
#Units: total Energy
#Url: https://pos.sissa.it/301/1096
#Comments: 
1.77828e+09 3.43067e-22 6.79133e-24 6.79133e-24 0.00000e+00 0.00000e+00 
2.23872e+09 1.62349e-22 2.69752e-24 2.69752e-24 0.00000e+00 0.00000e+00 
2.81838e+09 7.37099e-23 1.23880e-24 1.23880e-24 0.00000e+00 0.00000e+00 
3.54813e+09 3.50449e-23 6.29400e-25 6.29400e-25 0.00000e+00 0.00000e+00 
4.46684e+09 1.72257e-23 3.39669e-25 3.39669e-25 0.00000e+00 0.00000e+00 
5.62341e+09 8.43691e-24 1.93874e-25 1.93874e-25 0.00000e+00 0.00000e+00 
7.07946e+09 4.63199e-24 1.17925e-25 1.17925e-25 0.00000e+00 0.00000e+00 
8.91251e+09 2.46589e-24 7.29138e-26 7.19273e-26 0.00000e+00 0.00000e+00 
1.12202e+10 1.37476e-24 4.99607e-26 4.99607e-26 0.00000e+00 0.00000e+00 
1.41254e+10 7.47361e-25 3.37692e-26 3.37692e-26 0.00000e+00 0.00000e+00 
1.77828e+10 4.13238e-25 2.00804e-26 2.00804e-26 0.00000e+00 0.00000e+00 
2.23872e+10 2.10901e-25 1.25879e-26 1.25879e-26 0.00000e+00 0.00000e+00 
2.81838e+10 9.87525e-26 7.68296e-27 7.65318e-27 0.00000e+00 0.00000e+00 
3.54813e+10 5.62878e-26 5.15545e-27 5.14551e-27 0.00000e+00 0.00000e+00 
4.46684e+10 2.71742e-26 3.29695e-27 3.29695e-27 0.00000e+00 0.00000e+00 
5.62341e+10 1.82449e-26 2.42789e-27 2.41718e-27 0.00000e+00 0.00000e+00 
7.07946e+10 7.73758e-27 1.30898e-27 1.30988e-27 0.00000e+00 0.00000e+00 
8.91251e+10 2.47261e-27 7.08511e-28 8.19272e-28 0.00000e+00 0.00000e+00 
1.12202e+11 1.56647e-27 5.05451e-28 5.97371e-28 0.00000e+00 0.00000e+00 
1.41254e+11 1.23227e-28 7.77098e-29 2.15704e-28 0.00000e+00 0.00000e+00 
1.77828e+11 1.92901e-28 1.21544e-28 2.17119e-28 0.00000e+00 0.00000e+00 
2.23872e+11 0.00000e+00 0.00000e+00 9.88581e-29 0.00000e+00 0.00000e+00 
