#Source: CRDB
#Ref: 2019AdSpR..64.2546G ()
#Experiment: NUCLEON
#Quantity: all particle
#Units: total Energy
#Url: https://lpsc.in2p3.fr/crdb
#Comments: 
7.94000e+05 6.07000e-12 2.81728e-12 2.81728e-12 6.12000e-13 6.12000e-13 
5.01000e+05 2.29000e-11 7.02972e-12 7.02972e-12 1.49000e-12 1.49000e-12 
3.16000e+05 8.17000e-11 1.87151e-11 1.87151e-11 3.92000e-12 3.92000e-12 
2.00000e+05 2.90000e-10 5.17571e-11 5.17571e-11 9.38000e-12 9.38000e-12 
1.26000e+05 9.94000e-10 1.50181e-10 1.50181e-10 2.55000e-11 2.55000e-11 
7.94000e+04 3.32000e-09 4.32061e-10 4.32061e-10 5.91000e-11 5.91000e-11 
5.01000e+04 1.11000e-08 1.32954e-09 1.32954e-09 1.59000e-10 1.59000e-10 
3.16000e+04 3.54000e-08 4.11657e-09 4.11657e-09 3.69000e-10 3.69000e-10 
2.00000e+04 1.14000e-07 1.29355e-08 1.29355e-08 9.58000e-10 9.58000e-10 
1.26000e+04 3.45000e-07 3.88590e-08 3.88590e-08 2.14000e-09 2.14000e-09 
7.94000e+03 1.05000e-06 1.17113e-07 1.17113e-07 5.14000e-09 5.14000e-09 
