# My local database
# https://journals.aps.org/prd/abstract/10.1103/PhysRevD.96.122001
# T [GeV] flux [m-2 s-1 sr-1 GeV-1] total_error_low total_error_high
 1.122e+04  4.797e-07  1.443e-07  1.019e-07
 1.413e+04  2.692e-07  6.790e-08  4.683e-08
 1.778e+04  1.516e-07  3.545e-08  2.504e-08
 2.239e+04  8.495e-08  1.956e-08  1.449e-08
 2.818e+04  4.782e-08  1.051e-08  8.067e-09
 3.548e+04  2.676e-08  6.058e-09  4.913e-09
 4.467e+04  1.482e-08  3.174e-09  2.662e-09
 5.623e+04  8.184e-09  1.799e-09  1.587e-09
 7.079e+04  4.477e-09  9.769e-10  9.035e-10
 8.913e+04  2.419e-09  5.291e-10  5.159e-10
 1.122e+05  1.278e-09  2.796e-10  2.893e-10
 1.413e+05  6.764e-10  1.402e-10  1.560e-10
 1.778e+05  3.584e-10  7.326e-11  8.875e-11
 2.239e+05  1.911e-10  3.778e-11  5.074e-11
 2.818e+05  1.035e-10  2.058e-11  3.076e-11
 3.548e+05  5.488e-11  1.095e-11  1.858e-11
 4.467e+05  2.928e-11  5.843e-12  1.204e-11
