#Source: KCDC
#Ref: pos.sissa.it/236/359/ ()
#Experiment: KASCADE-Grande
#Quantity: all particle
#Units: total Energy
#Url: https://kcdc.ikp.kit.edu/spectra/
#Comments: 
3.75837e+07 4.57659e-17 2.78198e-19 2.78198e-19 0.00000e+00 0.00000e+00 
5.30884e+07 1.83632e-17 1.48271e-19 1.48271e-19 0.00000e+00 0.00000e+00 
7.49894e+07 6.12764e-18 7.20658e-20 7.20658e-20 0.00000e+00 0.00000e+00 
1.05925e+08 2.09854e-18 3.54848e-20 3.54848e-20 0.00000e+00 0.00000e+00 
1.49624e+08 6.67443e-19 1.68379e-20 1.68379e-20 0.00000e+00 0.00000e+00 
2.11349e+08 2.49796e-19 8.66709e-21 8.66709e-21 0.00000e+00 0.00000e+00 
2.98538e+08 8.65431e-20 4.29239e-21 4.29239e-21 0.00000e+00 0.00000e+00 
4.21697e+08 3.36829e-20 2.25313e-21 2.25313e-21 0.00000e+00 0.00000e+00 
5.95662e+08 1.12852e-20 1.09733e-21 1.09733e-21 0.00000e+00 0.00000e+00 
8.41395e+08 4.12891e-21 5.58472e-22 5.58472e-22 0.00000e+00 0.00000e+00 
