# My local database
# https://pos.sissa.it/301/1096
# T [GeV] flux [m-2 s-1 sr-1 GeV-1] total_error_low total_error_high
 2.239e+09  1.623e-22  2.698e-24  2.698e-24
 2.818e+09  7.371e-23  1.239e-24  1.239e-24
 3.548e+09  3.504e-23  6.294e-25  6.294e-25
 4.467e+09  1.723e-23  3.397e-25  3.397e-25
 5.623e+09  8.437e-24  1.939e-25  1.939e-25
 7.079e+09  4.632e-24  1.179e-25  1.179e-25
 8.913e+09  2.466e-24  7.291e-26  7.193e-26
 1.122e+10  1.375e-24  4.996e-26  4.996e-26
 1.413e+10  7.474e-25  3.377e-26  3.377e-26
 1.778e+10  4.132e-25  2.008e-26  2.008e-26
 2.239e+10  2.109e-25  1.259e-26  1.259e-26
 2.818e+10  9.875e-26  7.683e-27  7.653e-27
 3.548e+10  5.629e-26  5.155e-27  5.146e-27
 4.467e+10  2.717e-26  3.297e-27  3.297e-27
 5.623e+10  1.824e-26  2.428e-27  2.417e-27
 7.079e+10  7.738e-27  1.309e-27  1.310e-27
 8.913e+10  2.473e-27  7.085e-28  8.193e-28
 1.122e+11  1.566e-27  5.055e-28  5.974e-28
 1.413e+11  1.232e-28  7.771e-29  2.157e-28
 1.778e+11  1.929e-28  1.215e-28  2.171e-28
 2.239e+11  0.000e+00  0.000e+00  9.886e-29
