 1.505e+01	 1.057e+01
 1.512e+01	 1.046e+01
 1.518e+01	 1.035e+01
 1.525e+01	 1.024e+01
 1.532e+01	 1.013e+01
 1.539e+01	 1.002e+01
 1.546e+01	 9.917e+00
 1.553e+01	 9.812e+00
 1.561e+01	 9.708e+00
 1.568e+01	 9.605e+00
 1.575e+01	 9.503e+00
 1.582e+01	 9.402e+00
 1.589e+01	 9.302e+00
 1.596e+01	 9.203e+00
 1.604e+01	 9.105e+00
 1.611e+01	 9.009e+00
 1.618e+01	 8.913e+00
 1.626e+01	 8.818e+00
 1.633e+01	 8.724e+00
 1.641e+01	 8.632e+00
 1.648e+01	 8.540e+00
 1.656e+01	 8.449e+00
 1.663e+01	 8.360e+00
 1.671e+01	 8.271e+00
 1.679e+01	 8.183e+00
 1.686e+01	 8.096e+00
 1.694e+01	 8.010e+00
 1.702e+01	 7.925e+00
 1.709e+01	 7.841e+00
 1.717e+01	 7.758e+00
 1.725e+01	 7.675e+00
 1.733e+01	 7.593e+00
 1.741e+01	 7.512e+00
 1.749e+01	 7.432e+00
 1.757e+01	 7.353e+00
 1.765e+01	 7.274e+00
 1.773e+01	 7.196e+00
 1.781e+01	 7.119e+00
 1.789e+01	 7.043e+00
 1.797e+01	 6.967e+00
 1.805e+01	 6.892e+00
 1.814e+01	 6.818e+00
 1.822e+01	 6.745e+00
 1.830e+01	 6.672e+00
 1.839e+01	 6.600e+00
 1.847e+01	 6.529e+00
 1.855e+01	 6.458e+00
 1.864e+01	 6.388e+00
 1.872e+01	 6.319e+00
 1.881e+01	 6.251e+00
 1.890e+01	 6.183e+00
 1.898e+01	 6.117e+00
 1.907e+01	 6.050e+00
 1.916e+01	 5.985e+00
 1.924e+01	 5.920e+00
 1.933e+01	 5.857e+00
 1.942e+01	 5.793e+00
 1.951e+01	 5.731e+00
 1.960e+01	 5.669e+00
 1.969e+01	 5.608e+00
 1.978e+01	 5.548e+00
 1.987e+01	 5.488e+00
 1.996e+01	 5.429e+00
 2.005e+01	 5.371e+00
 2.014e+01	 5.313e+00
 2.023e+01	 5.256e+00
 2.032e+01	 5.199e+00
 2.042e+01	 5.144e+00
 2.051e+01	 5.088e+00
 2.060e+01	 5.033e+00
 2.070e+01	 4.979e+00
 2.079e+01	 4.925e+00
 2.089e+01	 4.872e+00
 2.098e+01	 4.819e+00
 2.108e+01	 4.767e+00
 2.118e+01	 4.715e+00
 2.127e+01	 4.664e+00
 2.137e+01	 4.613e+00
 2.147e+01	 4.563e+00
 2.156e+01	 4.513e+00
 2.166e+01	 4.464e+00
 2.176e+01	 4.415e+00
 2.186e+01	 4.366e+00
 2.196e+01	 4.318e+00
 2.206e+01	 4.271e+00
 2.216e+01	 4.224e+00
 2.226e+01	 4.177e+00
 2.236e+01	 4.131e+00
 2.247e+01	 4.086e+00
 2.257e+01	 4.041e+00
 2.267e+01	 3.996e+00
 2.278e+01	 3.952e+00
 2.288e+01	 3.908e+00
 2.298e+01	 3.865e+00
 2.309e+01	 3.822e+00
 2.319e+01	 3.780e+00
 2.330e+01	 3.738e+00
 2.341e+01	 3.697e+00
 2.351e+01	 3.656e+00
 2.362e+01	 3.615e+00
 2.373e+01	 3.575e+00
 2.384e+01	 3.536e+00
 2.395e+01	 3.496e+00
 2.406e+01	 3.458e+00
 2.417e+01	 3.419e+00
 2.428e+01	 3.381e+00
 2.439e+01	 3.344e+00
 2.450e+01	 3.307e+00
 2.461e+01	 3.270e+00
 2.472e+01	 3.234e+00
 2.484e+01	 3.198e+00
 2.495e+01	 3.163e+00
 2.506e+01	 3.128e+00
 2.518e+01	 3.093e+00
 2.529e+01	 3.059e+00
 2.541e+01	 3.025e+00
 2.552e+01	 2.992e+00
 2.564e+01	 2.959e+00
 2.576e+01	 2.926e+00
 2.587e+01	 2.894e+00
 2.599e+01	 2.862e+00
 2.611e+01	 2.830e+00
 2.623e+01	 2.799e+00
 2.635e+01	 2.768e+00
 2.647e+01	 2.737e+00
 2.659e+01	 2.707e+00
 2.671e+01	 2.677e+00
 2.684e+01	 2.647e+00
 2.696e+01	 2.618e+00
 2.708e+01	 2.589e+00
 2.720e+01	 2.560e+00
 2.733e+01	 2.532e+00
 2.745e+01	 2.504e+00
 2.758e+01	 2.476e+00
 2.770e+01	 2.448e+00
 2.783e+01	 2.421e+00
 2.796e+01	 2.394e+00
 2.809e+01	 2.367e+00
 2.821e+01	 2.341e+00
 2.834e+01	 2.315e+00
 2.847e+01	 2.289e+00
 2.860e+01	 2.263e+00
 2.873e+01	 2.238e+00
 2.886e+01	 2.213e+00
 2.900e+01	 2.188e+00
 2.913e+01	 2.163e+00
 2.926e+01	 2.139e+00
 2.939e+01	 2.115e+00
 2.953e+01	 2.091e+00
 2.966e+01	 2.068e+00
 2.980e+01	 2.045e+00
 2.994e+01	 2.022e+00
 3.007e+01	 1.999e+00
 3.021e+01	 1.977e+00
 3.035e+01	 1.955e+00
 3.049e+01	 1.933e+00
 3.062e+01	 1.911e+00
 3.076e+01	 1.889e+00
 3.091e+01	 1.868e+00
 3.105e+01	 1.847e+00
 3.119e+01	 1.827e+00
 3.133e+01	 1.806e+00
 3.147e+01	 1.786e+00
 3.162e+01	 1.766e+00
 3.176e+01	 1.746e+00
 3.191e+01	 1.726e+00
 3.205e+01	 1.707e+00
 3.220e+01	 1.688e+00
 3.235e+01	 1.669e+00
 3.249e+01	 1.650e+00
 3.264e+01	 1.632e+00
 3.279e+01	 1.613e+00
 3.294e+01	 1.595e+00
 3.309e+01	 1.577e+00
 3.324e+01	 1.559e+00
 3.339e+01	 1.542e+00
 3.355e+01	 1.524e+00
 3.370e+01	 1.507e+00
 3.385e+01	 1.490e+00
 3.401e+01	 1.473e+00
 3.416e+01	 1.457e+00
 3.432e+01	 1.440e+00
 3.448e+01	 1.424e+00
 3.463e+01	 1.408e+00
 3.479e+01	 1.392e+00
 3.495e+01	 1.376e+00
 3.511e+01	 1.360e+00
 3.527e+01	 1.345e+00
 3.543e+01	 1.329e+00
 3.559e+01	 1.314e+00
 3.576e+01	 1.299e+00
 3.592e+01	 1.284e+00
 3.608e+01	 1.270e+00
 3.625e+01	 1.255e+00
 3.641e+01	 1.241e+00
 3.658e+01	 1.227e+00
 3.675e+01	 1.213e+00
 3.691e+01	 1.199e+00
 3.708e+01	 1.185e+00
 3.725e+01	 1.172e+00
 3.742e+01	 1.159e+00
 3.759e+01	 1.145e+00
 3.776e+01	 1.132e+00
 3.794e+01	 1.120e+00
 3.811e+01	 1.107e+00
 3.828e+01	 1.094e+00
 3.846e+01	 1.082e+00
 3.863e+01	 1.070e+00
 3.881e+01	 1.057e+00
 3.899e+01	 1.045e+00
 3.917e+01	 1.034e+00
 3.934e+01	 1.022e+00
 3.952e+01	 1.010e+00
 3.971e+01	 9.989e-01
 3.989e+01	 9.876e-01
 4.007e+01	 9.764e-01
 4.025e+01	 9.654e-01
 4.044e+01	 9.545e-01
 4.062e+01	 9.437e-01
 4.081e+01	 9.330e-01
 4.099e+01	 9.225e-01
 4.118e+01	 9.120e-01
 4.137e+01	 9.017e-01
 4.156e+01	 8.915e-01
 4.175e+01	 8.814e-01
 4.194e+01	 8.714e-01
 4.213e+01	 8.615e-01
 4.232e+01	 8.517e-01
 4.251e+01	 8.421e-01
 4.271e+01	 8.325e-01
 4.290e+01	 8.230e-01
 4.310e+01	 8.136e-01
 4.329e+01	 8.043e-01
 4.349e+01	 7.951e-01
 4.369e+01	 7.860e-01
 4.389e+01	 7.770e-01
 4.409e+01	 7.681e-01
 4.429e+01	 7.593e-01
 4.449e+01	 7.506e-01
 4.470e+01	 7.420e-01
 4.490e+01	 7.334e-01
 4.511e+01	 7.250e-01
 4.531e+01	 7.167e-01
 4.552e+01	 7.084e-01
 4.573e+01	 7.003e-01
 4.594e+01	 6.922e-01
 4.615e+01	 6.843e-01
 4.636e+01	 6.764e-01
 4.657e+01	 6.687e-01
 4.678e+01	 6.610e-01
 4.699e+01	 6.534e-01
 4.721e+01	 6.459e-01
 4.742e+01	 6.385e-01
 4.764e+01	 6.312e-01
 4.786e+01	 6.240e-01
 4.808e+01	 6.168e-01
 4.830e+01	 6.098e-01
 4.852e+01	 6.028e-01
 4.874e+01	 5.959e-01
 4.896e+01	 5.890e-01
 4.918e+01	 5.823e-01
 4.941e+01	 5.756e-01
 4.964e+01	 5.690e-01
 4.986e+01	 5.625e-01
 5.009e+01	 5.560e-01
 5.032e+01	 5.497e-01
 5.055e+01	 5.433e-01
 5.078e+01	 5.371e-01
 5.101e+01	 5.309e-01
 5.124e+01	 5.248e-01
 5.148e+01	 5.188e-01
 5.171e+01	 5.128e-01
 5.195e+01	 5.069e-01
 5.219e+01	 5.010e-01
 5.242e+01	 4.952e-01
 5.266e+01	 4.895e-01
 5.290e+01	 4.839e-01
 5.315e+01	 4.783e-01
 5.339e+01	 4.727e-01
 5.363e+01	 4.672e-01
 5.388e+01	 4.618e-01
 5.412e+01	 4.565e-01
 5.437e+01	 4.512e-01
 5.462e+01	 4.460e-01
 5.487e+01	 4.408e-01
 5.512e+01	 4.357e-01
 5.537e+01	 4.306e-01
 5.562e+01	 4.256e-01
 5.588e+01	 4.207e-01
 5.613e+01	 4.158e-01
 5.639e+01	 4.110e-01
 5.665e+01	 4.062e-01
 5.690e+01	 4.015e-01
 5.716e+01	 3.969e-01
 5.742e+01	 3.923e-01
 5.769e+01	 3.877e-01
 5.795e+01	 3.832e-01
 5.821e+01	 3.788e-01
 5.848e+01	 3.744e-01
 5.875e+01	 3.701e-01
 5.902e+01	 3.658e-01
 5.929e+01	 3.616e-01
 5.956e+01	 3.574e-01
 5.983e+01	 3.533e-01
 6.010e+01	 3.493e-01
 6.038e+01	 3.452e-01
 6.065e+01	 3.413e-01
 6.093e+01	 3.374e-01
 6.121e+01	 3.335e-01
 6.149e+01	 3.297e-01
 6.177e+01	 3.259e-01
 6.205e+01	 3.222e-01
 6.233e+01	 3.185e-01
 6.262e+01	 3.149e-01
 6.290e+01	 3.113e-01
 6.319e+01	 3.077e-01
 6.348e+01	 3.042e-01
 6.377e+01	 3.007e-01
 6.406e+01	 2.973e-01
 6.435e+01	 2.939e-01
 6.465e+01	 2.905e-01
 6.494e+01	 2.872e-01
 6.524e+01	 2.839e-01
 6.553e+01	 2.806e-01
 6.583e+01	 2.773e-01
 6.613e+01	 2.741e-01
 6.644e+01	 2.709e-01
 6.674e+01	 2.678e-01
 6.704e+01	 2.646e-01
 6.735e+01	 2.615e-01
 6.766e+01	 2.585e-01
 6.797e+01	 2.554e-01
 6.828e+01	 2.524e-01
 6.859e+01	 2.494e-01
 6.890e+01	 2.465e-01
 6.922e+01	 2.436e-01
 6.953e+01	 2.407e-01
 6.985e+01	 2.379e-01
 7.017e+01	 2.351e-01
 7.049e+01	 2.323e-01
 7.081e+01	 2.296e-01
 7.113e+01	 2.269e-01
 7.146e+01	 2.242e-01
 7.179e+01	 2.216e-01
 7.211e+01	 2.190e-01
 7.244e+01	 2.165e-01
 7.277e+01	 2.140e-01
 7.311e+01	 2.115e-01
 7.344e+01	 2.090e-01
 7.378e+01	 2.066e-01
 7.411e+01	 2.042e-01
 7.445e+01	 2.018e-01
 7.479e+01	 1.995e-01
 7.513e+01	 1.972e-01
 7.547e+01	 1.949e-01
 7.582e+01	 1.926e-01
 7.617e+01	 1.904e-01
 7.651e+01	 1.881e-01
 7.686e+01	 1.859e-01
 7.721e+01	 1.837e-01
 7.757e+01	 1.816e-01
 7.792e+01	 1.794e-01
 7.828e+01	 1.773e-01
 7.863e+01	 1.752e-01
 7.899e+01	 1.731e-01
 7.935e+01	 1.711e-01
 7.972e+01	 1.690e-01
 8.008e+01	 1.670e-01
 8.045e+01	 1.651e-01
 8.081e+01	 1.631e-01
 8.118e+01	 1.612e-01
 8.155e+01	 1.593e-01
 8.192e+01	 1.574e-01
 8.230e+01	 1.555e-01
 8.267e+01	 1.537e-01
 8.305e+01	 1.519e-01
 8.343e+01	 1.501e-01
 8.381e+01	 1.483e-01
 8.419e+01	 1.466e-01
 8.458e+01	 1.449e-01
 8.497e+01	 1.432e-01
 8.535e+01	 1.415e-01
 8.574e+01	 1.399e-01
 8.613e+01	 1.383e-01
 8.653e+01	 1.367e-01
 8.692e+01	 1.351e-01
 8.732e+01	 1.335e-01
 8.772e+01	 1.320e-01
 8.812e+01	 1.304e-01
 8.852e+01	 1.289e-01
 8.893e+01	 1.274e-01
 8.933e+01	 1.259e-01
 8.974e+01	 1.244e-01
 9.015e+01	 1.230e-01
 9.056e+01	 1.215e-01
 9.097e+01	 1.201e-01
 9.139e+01	 1.187e-01
 9.181e+01	 1.173e-01
 9.223e+01	 1.159e-01
 9.265e+01	 1.145e-01
 9.307e+01	 1.132e-01
 9.349e+01	 1.118e-01
 9.392e+01	 1.105e-01
 9.435e+01	 1.092e-01
 9.478e+01	 1.079e-01
 9.521e+01	 1.067e-01
 9.565e+01	 1.054e-01
 9.609e+01	 1.042e-01
 9.652e+01	 1.030e-01
 9.697e+01	 1.018e-01
 9.741e+01	 1.006e-01
 9.785e+01	 9.941e-02
 9.830e+01	 9.826e-02
 9.875e+01	 9.712e-02
 9.920e+01	 9.599e-02
 9.965e+01	 9.488e-02
 1.001e+02	 9.378e-02
 1.006e+02	 9.269e-02
 1.010e+02	 9.161e-02
 1.015e+02	 9.054e-02
 1.019e+02	 8.948e-02
 1.024e+02	 8.843e-02
 1.029e+02	 8.739e-02
 1.034e+02	 8.636e-02
 1.038e+02	 8.534e-02
 1.043e+02	 8.432e-02
 1.048e+02	 8.332e-02
 1.053e+02	 8.232e-02
 1.057e+02	 8.134e-02
 1.062e+02	 8.037e-02
 1.067e+02	 7.940e-02
 1.072e+02	 7.845e-02
 1.077e+02	 7.751e-02
 1.082e+02	 7.658e-02
 1.087e+02	 7.566e-02
 1.092e+02	 7.476e-02
 1.097e+02	 7.387e-02
 1.102e+02	 7.299e-02
 1.107e+02	 7.212e-02
 1.112e+02	 7.127e-02
 1.117e+02	 7.043e-02
 1.122e+02	 6.960e-02
 1.127e+02	 6.878e-02
 1.132e+02	 6.798e-02
 1.137e+02	 6.719e-02
 1.142e+02	 6.640e-02
 1.148e+02	 6.563e-02
 1.153e+02	 6.487e-02
 1.158e+02	 6.411e-02
 1.163e+02	 6.337e-02
 1.169e+02	 6.263e-02
 1.174e+02	 6.190e-02
 1.179e+02	 6.118e-02
 1.185e+02	 6.046e-02
 1.190e+02	 5.975e-02
 1.196e+02	 5.905e-02
 1.201e+02	 5.835e-02
 1.207e+02	 5.766e-02
 1.212e+02	 5.698e-02
 1.218e+02	 5.631e-02
 1.223e+02	 5.564e-02
 1.229e+02	 5.497e-02
 1.234e+02	 5.432e-02
 1.240e+02	 5.367e-02
 1.246e+02	 5.303e-02
 1.251e+02	 5.239e-02
 1.257e+02	 5.177e-02
 1.263e+02	 5.115e-02
 1.269e+02	 5.054e-02
 1.274e+02	 4.993e-02
 1.280e+02	 4.934e-02
 1.286e+02	 4.875e-02
 1.292e+02	 4.817e-02
 1.298e+02	 4.759e-02
 1.304e+02	 4.703e-02
 1.310e+02	 4.647e-02
 1.316e+02	 4.592e-02
 1.322e+02	 4.537e-02
 1.328e+02	 4.483e-02
 1.334e+02	 4.430e-02
 1.340e+02	 4.378e-02
 1.346e+02	 4.326e-02
 1.352e+02	 4.275e-02
 1.358e+02	 4.224e-02
 1.365e+02	 4.174e-02
 1.371e+02	 4.124e-02
 1.377e+02	 4.075e-02
 1.383e+02	 4.027e-02
 1.390e+02	 3.979e-02
 1.396e+02	 3.932e-02
 1.402e+02	 3.885e-02
 1.409e+02	 3.839e-02
 1.415e+02	 3.793e-02
 1.422e+02	 3.748e-02
 1.428e+02	 3.703e-02
 1.435e+02	 3.659e-02
 1.441e+02	 3.615e-02
 1.448e+02	 3.572e-02
 1.454e+02	 3.529e-02
 1.461e+02	 3.487e-02
 1.468e+02	 3.445e-02
 1.474e+02	 3.404e-02
 1.481e+02	 3.364e-02
 1.488e+02	 3.323e-02
 1.495e+02	 3.284e-02
 1.502e+02	 3.244e-02
 1.508e+02	 3.206e-02
 1.515e+02	 3.167e-02
 1.522e+02	 3.130e-02
 1.529e+02	 3.092e-02
 1.536e+02	 3.055e-02
 1.543e+02	 3.019e-02
 1.550e+02	 2.983e-02
 1.557e+02	 2.948e-02
 1.564e+02	 2.913e-02
 1.572e+02	 2.878e-02
 1.579e+02	 2.844e-02
 1.586e+02	 2.810e-02
 1.593e+02	 2.776e-02
 1.600e+02	 2.743e-02
 1.608e+02	 2.710e-02
 1.615e+02	 2.678e-02
 1.622e+02	 2.646e-02
 1.630e+02	 2.615e-02
 1.637e+02	 2.583e-02
 1.645e+02	 2.552e-02
 1.652e+02	 2.522e-02
 1.660e+02	 2.492e-02
 1.667e+02	 2.462e-02
 1.675e+02	 2.432e-02
 1.683e+02	 2.403e-02
 1.690e+02	 2.374e-02
 1.698e+02	 2.345e-02
 1.706e+02	 2.317e-02
 1.714e+02	 2.289e-02
 1.721e+02	 2.262e-02
 1.729e+02	 2.234e-02
 1.737e+02	 2.207e-02
 1.745e+02	 2.181e-02
 1.753e+02	 2.155e-02
 1.761e+02	 2.129e-02
 1.769e+02	 2.103e-02
 1.777e+02	 2.078e-02
 1.785e+02	 2.053e-02
 1.794e+02	 2.029e-02
 1.802e+02	 2.004e-02
 1.810e+02	 1.980e-02
 1.818e+02	 1.957e-02
 1.826e+02	 1.933e-02
 1.835e+02	 1.910e-02
 1.843e+02	 1.888e-02
 1.852e+02	 1.865e-02
 1.860e+02	 1.843e-02
 1.869e+02	 1.821e-02
 1.877e+02	 1.799e-02
 1.886e+02	 1.778e-02
 1.894e+02	 1.757e-02
 1.903e+02	 1.736e-02
 1.912e+02	 1.715e-02
 1.920e+02	 1.694e-02
 1.929e+02	 1.674e-02
 1.938e+02	 1.654e-02
 1.947e+02	 1.634e-02
 1.956e+02	 1.614e-02
 1.965e+02	 1.595e-02
 1.974e+02	 1.576e-02
 1.983e+02	 1.557e-02
 1.992e+02	 1.538e-02
 2.001e+02	 1.519e-02
 2.010e+02	 1.501e-02
 2.019e+02	 1.483e-02
 2.028e+02	 1.465e-02
 2.037e+02	 1.447e-02
 2.047e+02	 1.429e-02
 2.056e+02	 1.412e-02
 2.066e+02	 1.395e-02
 2.075e+02	 1.378e-02
 2.084e+02	 1.361e-02
 2.094e+02	 1.345e-02
 2.104e+02	 1.329e-02
 2.113e+02	 1.313e-02
 2.123e+02	 1.297e-02
 2.132e+02	 1.281e-02
 2.142e+02	 1.266e-02
 2.152e+02	 1.250e-02
 2.162e+02	 1.235e-02
 2.172e+02	 1.220e-02
 2.182e+02	 1.206e-02
 2.192e+02	 1.191e-02
 2.202e+02	 1.177e-02
 2.212e+02	 1.163e-02
 2.222e+02	 1.149e-02
 2.232e+02	 1.135e-02
 2.242e+02	 1.121e-02
 2.252e+02	 1.107e-02
 2.263e+02	 1.094e-02
 2.273e+02	 1.081e-02
 2.283e+02	 1.068e-02
 2.294e+02	 1.055e-02
 2.304e+02	 1.042e-02
 2.315e+02	 1.030e-02
 2.325e+02	 1.017e-02
 2.336e+02	 1.005e-02
 2.347e+02	 9.927e-03
 2.357e+02	 9.807e-03
 2.368e+02	 9.689e-03
 2.379e+02	 9.572e-03
 2.390e+02	 9.457e-03
 2.401e+02	 9.343e-03
 2.412e+02	 9.230e-03
 2.423e+02	 9.119e-03
 2.434e+02	 9.010e-03
 2.445e+02	 8.901e-03
 2.456e+02	 8.794e-03
 2.467e+02	 8.688e-03
 2.478e+02	 8.583e-03
 2.490e+02	 8.480e-03
 2.501e+02	 8.378e-03
 2.512e+02	 8.277e-03
 2.524e+02	 8.177e-03
 2.535e+02	 8.078e-03
 2.547e+02	 7.980e-03
 2.559e+02	 7.883e-03
 2.570e+02	 7.788e-03
 2.582e+02	 7.693e-03
 2.594e+02	 7.600e-03
 2.606e+02	 7.508e-03
 2.618e+02	 7.416e-03
 2.630e+02	 7.326e-03
 2.642e+02	 7.238e-03
 2.654e+02	 7.150e-03
 2.666e+02	 7.063e-03
 2.678e+02	 6.978e-03
 2.690e+02	 6.893e-03
 2.702e+02	 6.810e-03
 2.715e+02	 6.728e-03
 2.727e+02	 6.647e-03
 2.740e+02	 6.567e-03
 2.752e+02	 6.488e-03
 2.765e+02	 6.410e-03
 2.777e+02	 6.333e-03
 2.790e+02	 6.257e-03
 2.803e+02	 6.182e-03
 2.816e+02	 6.107e-03
 2.828e+02	 6.034e-03
 2.841e+02	 5.962e-03
 2.854e+02	 5.890e-03
 2.867e+02	 5.819e-03
 2.880e+02	 5.749e-03
 2.894e+02	 5.679e-03
 2.907e+02	 5.611e-03
 2.920e+02	 5.543e-03
 2.933e+02	 5.475e-03
 2.947e+02	 5.409e-03
 2.960e+02	 5.343e-03
 2.974e+02	 5.278e-03
 2.987e+02	 5.214e-03
 3.001e+02	 5.150e-03
 3.015e+02	 5.087e-03
 3.028e+02	 5.025e-03
 3.042e+02	 4.964e-03
 3.056e+02	 4.904e-03
 3.070e+02	 4.844e-03
 3.084e+02	 4.785e-03
 3.098e+02	 4.727e-03
 3.112e+02	 4.669e-03
 3.127e+02	 4.613e-03
 3.141e+02	 4.557e-03
 3.155e+02	 4.501e-03
 3.170e+02	 4.447e-03
 3.184e+02	 4.393e-03
 3.199e+02	 4.339e-03
 3.213e+02	 4.287e-03
 3.228e+02	 4.235e-03
 3.243e+02	 4.183e-03
 3.257e+02	 4.132e-03
 3.272e+02	 4.082e-03
 3.287e+02	 4.032e-03
 3.302e+02	 3.983e-03
 3.317e+02	 3.934e-03
 3.332e+02	 3.886e-03
 3.348e+02	 3.838e-03
 3.363e+02	 3.790e-03
 3.378e+02	 3.744e-03
 3.394e+02	 3.697e-03
 3.409e+02	 3.651e-03
 3.425e+02	 3.606e-03
 3.440e+02	 3.561e-03
 3.456e+02	 3.517e-03
 3.472e+02	 3.474e-03
 3.488e+02	 3.430e-03
 3.504e+02	 3.388e-03
 3.520e+02	 3.346e-03
 3.536e+02	 3.305e-03
 3.552e+02	 3.264e-03
 3.568e+02	 3.224e-03
 3.584e+02	 3.185e-03
 3.601e+02	 3.146e-03
 3.617e+02	 3.108e-03
 3.634e+02	 3.070e-03
 3.650e+02	 3.033e-03
 3.667e+02	 2.997e-03
 3.684e+02	 2.961e-03
 3.701e+02	 2.925e-03
 3.717e+02	 2.890e-03
 3.734e+02	 2.856e-03
 3.752e+02	 2.822e-03
 3.769e+02	 2.789e-03
 3.786e+02	 2.756e-03
 3.803e+02	 2.723e-03
 3.820e+02	 2.691e-03
 3.838e+02	 2.659e-03
 3.855e+02	 2.627e-03
 3.873e+02	 2.596e-03
 3.891e+02	 2.566e-03
 3.909e+02	 2.535e-03
 3.926e+02	 2.505e-03
 3.944e+02	 2.475e-03
 3.962e+02	 2.446e-03
 3.980e+02	 2.417e-03
 3.999e+02	 2.388e-03
 4.017e+02	 2.359e-03
 4.035e+02	 2.331e-03
 4.054e+02	 2.303e-03
 4.072e+02	 2.275e-03
 4.091e+02	 2.247e-03
 4.109e+02	 2.220e-03
 4.128e+02	 2.193e-03
 4.147e+02	 2.166e-03
 4.166e+02	 2.139e-03
 4.185e+02	 2.113e-03
 4.204e+02	 2.087e-03
 4.223e+02	 2.061e-03
 4.243e+02	 2.036e-03
 4.262e+02	 2.011e-03
 4.281e+02	 1.986e-03
 4.301e+02	 1.961e-03
 4.321e+02	 1.937e-03
 4.340e+02	 1.913e-03
 4.360e+02	 1.889e-03
 4.380e+02	 1.866e-03
 4.400e+02	 1.843e-03
 4.420e+02	 1.820e-03
 4.440e+02	 1.798e-03
 4.461e+02	 1.776e-03
 4.481e+02	 1.754e-03
 4.501e+02	 1.732e-03
 4.522e+02	 1.711e-03
 4.543e+02	 1.690e-03
 4.563e+02	 1.670e-03
 4.584e+02	 1.650e-03
 4.605e+02	 1.630e-03
 4.626e+02	 1.610e-03
 4.647e+02	 1.590e-03
 4.668e+02	 1.571e-03
 4.690e+02	 1.552e-03
 4.711e+02	 1.534e-03
 4.733e+02	 1.516e-03
 4.754e+02	 1.497e-03
 4.776e+02	 1.480e-03
 4.798e+02	 1.462e-03
 4.820e+02	 1.444e-03
 4.842e+02	 1.427e-03
 4.864e+02	 1.410e-03
 4.886e+02	 1.393e-03
 4.908e+02	 1.377e-03
 4.931e+02	 1.360e-03
 4.953e+02	 1.344e-03
 4.976e+02	 1.328e-03
 4.999e+02	 1.312e-03
 5.021e+02	 1.297e-03
 5.044e+02	 1.281e-03
 5.067e+02	 1.266e-03
 5.090e+02	 1.251e-03
 5.114e+02	 1.236e-03
 5.137e+02	 1.221e-03
 5.161e+02	 1.206e-03
 5.184e+02	 1.191e-03
 5.208e+02	 1.177e-03
 5.232e+02	 1.163e-03
 5.255e+02	 1.148e-03
 5.279e+02	 1.135e-03
 5.304e+02	 1.121e-03
 5.328e+02	 1.107e-03
 5.352e+02	 1.094e-03
 5.377e+02	 1.080e-03
 5.401e+02	 1.067e-03
 5.426e+02	 1.054e-03
 5.450e+02	 1.041e-03
 5.475e+02	 1.029e-03
 5.500e+02	 1.016e-03
 5.525e+02	 1.004e-03
 5.551e+02	 9.917e-04
 5.576e+02	 9.798e-04
 5.602e+02	 9.680e-04
 5.627e+02	 9.564e-04
 5.653e+02	 9.450e-04
 5.679e+02	 9.337e-04
 5.705e+02	 9.226e-04
 5.731e+02	 9.117e-04
 5.757e+02	 9.009e-04
 5.783e+02	 8.902e-04
 5.809e+02	 8.797e-04
 5.836e+02	 8.694e-04
 5.863e+02	 8.592e-04
 5.889e+02	 8.491e-04
 5.916e+02	 8.391e-04
 5.943e+02	 8.293e-04
 5.970e+02	 8.195e-04
 5.998e+02	 8.099e-04
 6.025e+02	 8.004e-04
 6.053e+02	 7.910e-04
 6.080e+02	 7.817e-04
 6.108e+02	 7.725e-04
 6.136e+02	 7.634e-04
 6.164e+02	 7.544e-04
 6.192e+02	 7.455e-04
 6.220e+02	 7.367e-04
 6.249e+02	 7.279e-04
 6.277e+02	 7.193e-04
 6.306e+02	 7.107e-04
 6.335e+02	 7.023e-04
 6.364e+02	 6.939e-04
 6.393e+02	 6.857e-04
 6.422e+02	 6.775e-04
 6.451e+02	 6.694e-04
 6.481e+02	 6.615e-04
 6.510e+02	 6.536e-04
 6.540e+02	 6.458e-04
 6.570e+02	 6.381e-04
 6.600e+02	 6.305e-04
 6.630e+02	 6.231e-04
 6.660e+02	 6.157e-04
 6.691e+02	 6.084e-04
 6.721e+02	 6.012e-04
 6.752e+02	 5.940e-04
 6.783e+02	 5.870e-04
 6.814e+02	 5.800e-04
 6.845e+02	 5.731e-04
 6.876e+02	 5.663e-04
 6.907e+02	 5.596e-04
 6.939e+02	 5.529e-04
 6.971e+02	 5.463e-04
 7.002e+02	 5.398e-04
 7.034e+02	 5.333e-04
 7.067e+02	 5.268e-04
 7.099e+02	 5.205e-04
 7.131e+02	 5.141e-04
 7.164e+02	 5.079e-04
 7.196e+02	 5.016e-04
 7.229e+02	 4.955e-04
 7.262e+02	 4.894e-04
 7.295e+02	 4.833e-04
 7.329e+02	 4.773e-04
 7.362e+02	 4.714e-04
 7.396e+02	 4.655e-04
 7.430e+02	 4.597e-04
 7.464e+02	 4.539e-04
 7.498e+02	 4.483e-04
 7.532e+02	 4.427e-04
 7.566e+02	 4.371e-04
 7.601e+02	 4.317e-04
 7.636e+02	 4.263e-04
 7.670e+02	 4.210e-04
 7.705e+02	 4.158e-04
 7.741e+02	 4.107e-04
 7.776e+02	 4.056e-04
 7.811e+02	 4.007e-04
 7.847e+02	 3.958e-04
 7.883e+02	 3.910e-04
 7.919e+02	 3.862e-04
 7.955e+02	 3.816e-04
 7.991e+02	 3.770e-04
 8.028e+02	 3.724e-04
 8.065e+02	 3.679e-04
 8.101e+02	 3.635e-04
 8.138e+02	 3.592e-04
 8.176e+02	 3.549e-04
 8.213e+02	 3.506e-04
 8.250e+02	 3.464e-04
 8.288e+02	 3.422e-04
 8.326e+02	 3.381e-04
 8.364e+02	 3.340e-04
 8.402e+02	 3.300e-04
 8.440e+02	 3.259e-04
 8.479e+02	 3.220e-04
 8.518e+02	 3.180e-04
 8.557e+02	 3.141e-04
 8.596e+02	 3.102e-04
 8.635e+02	 3.064e-04
 8.674e+02	 3.026e-04
 8.714e+02	 2.989e-04
 8.754e+02	 2.952e-04
 8.794e+02	 2.915e-04
 8.834e+02	 2.879e-04
 8.874e+02	 2.843e-04
 8.915e+02	 2.808e-04
 8.955e+02	 2.773e-04
 8.996e+02	 2.739e-04
 9.037e+02	 2.705e-04
 9.079e+02	 2.672e-04
 9.120e+02	 2.639e-04
 9.162e+02	 2.607e-04
 9.204e+02	 2.575e-04
 9.246e+02	 2.544e-04
 9.288e+02	 2.513e-04
 9.330e+02	 2.483e-04
 9.373e+02	 2.453e-04
 9.416e+02	 2.423e-04
 9.459e+02	 2.394e-04
 9.502e+02	 2.365e-04
 9.545e+02	 2.337e-04
 9.589e+02	 2.309e-04
 9.632e+02	 2.281e-04
 9.676e+02	 2.254e-04
 9.721e+02	 2.227e-04
 9.765e+02	 2.200e-04
 9.810e+02	 2.173e-04
 9.854e+02	 2.147e-04
 9.899e+02	 2.121e-04
 9.945e+02	 2.095e-04
 9.990e+02	 2.070e-04
 1.004e+03	 2.045e-04
 1.008e+03	 2.020e-04
 1.013e+03	 1.995e-04
 1.017e+03	 1.971e-04
 1.022e+03	 1.947e-04
 1.027e+03	 1.923e-04
 1.031e+03	 1.900e-04
 1.036e+03	 1.877e-04
 1.041e+03	 1.854e-04
 1.046e+03	 1.832e-04
 1.050e+03	 1.809e-04
 1.055e+03	 1.787e-04
 1.060e+03	 1.766e-04
 1.065e+03	 1.744e-04
 1.070e+03	 1.723e-04
 1.075e+03	 1.702e-04
 1.079e+03	 1.682e-04
 1.084e+03	 1.661e-04
 1.089e+03	 1.641e-04
 1.094e+03	 1.621e-04
 1.099e+03	 1.602e-04
 1.104e+03	 1.582e-04
 1.109e+03	 1.563e-04
 1.114e+03	 1.544e-04
 1.120e+03	 1.525e-04
 1.125e+03	 1.507e-04
 1.130e+03	 1.488e-04
 1.135e+03	 1.470e-04
 1.140e+03	 1.452e-04
 1.145e+03	 1.434e-04
 1.151e+03	 1.417e-04
 1.156e+03	 1.399e-04
 1.161e+03	 1.382e-04
 1.166e+03	 1.365e-04
 1.172e+03	 1.348e-04
 1.177e+03	 1.332e-04
 1.182e+03	 1.315e-04
 1.188e+03	 1.299e-04
 1.193e+03	 1.283e-04
 1.199e+03	 1.267e-04
 1.204e+03	 1.252e-04
 1.210e+03	 1.236e-04
 1.215e+03	 1.221e-04
 1.221e+03	 1.206e-04
 1.226e+03	 1.191e-04
 1.232e+03	 1.176e-04
 1.238e+03	 1.162e-04
 1.243e+03	 1.147e-04
 1.249e+03	 1.133e-04
 1.255e+03	 1.119e-04
 1.260e+03	 1.106e-04
 1.266e+03	 1.092e-04
 1.272e+03	 1.079e-04
 1.278e+03	 1.065e-04
 1.283e+03	 1.052e-04
 1.289e+03	 1.039e-04
 1.295e+03	 1.027e-04
 1.301e+03	 1.014e-04
 1.307e+03	 1.002e-04
 1.313e+03	 9.900e-05
 1.319e+03	 9.781e-05
 1.325e+03	 9.663e-05
 1.331e+03	 9.547e-05
 1.337e+03	 9.433e-05
 1.343e+03	 9.321e-05
 1.349e+03	 9.209e-05
 1.356e+03	 9.100e-05
 1.362e+03	 8.992e-05
 1.368e+03	 8.885e-05
 1.374e+03	 8.780e-05
 1.380e+03	 8.675e-05
 1.387e+03	 8.572e-05
 1.393e+03	 8.471e-05
 1.399e+03	 8.370e-05
 1.406e+03	 8.270e-05
 1.412e+03	 8.172e-05
 1.419e+03	 8.075e-05
 1.425e+03	 7.978e-05
