#Source: KCDC
#Ref: Aartsen et al., Physical Review D, 2019, Volume 100, Issue 8 ()
#Experiment: ICECUBE-ICETOP
#Quantity: all particle
#Units: total Energy
#Url: https://kcdc.ikp.kit.edu/spectra/
#Comments: Sibyll-2.1 only
3.54813e+06 9.00490e-14 8.42370e-17 8.42370e-17 0.00000e+00 0.00000e+00 
4.46684e+06 4.61200e-14 5.38300e-17 5.38300e-17 0.00000e+00 0.00000e+00 
5.62341e+06 2.32340e-14 3.42460e-17 3.42460e-17 0.00000e+00 0.00000e+00 
7.07946e+06 1.15840e-14 2.17160e-17 2.17160e-17 0.00000e+00 0.00000e+00 
8.91251e+06 5.63510e-15 1.35480e-17 1.35480e-17 0.00000e+00 0.00000e+00 
1.12202e+07 2.69770e-15 8.34600e-18 8.34600e-18 0.00000e+00 0.00000e+00 
1.41254e+07 1.30830e-15 5.17480e-18 5.17480e-18 0.00000e+00 0.00000e+00 
1.77828e+07 6.47280e-16 3.24090e-18 3.24090e-18 0.00000e+00 0.00000e+00 
2.23872e+07 3.24960e-16 2.04450e-18 2.04450e-18 0.00000e+00 0.00000e+00 
2.81838e+07 1.65720e-16 1.30000e-18 1.30000e-18 0.00000e+00 0.00000e+00 
3.54813e+07 8.60030e-17 8.33820e-19 8.33820e-19 0.00000e+00 0.00000e+00 
4.46684e+07 4.39900e-17 5.30960e-19 5.30960e-19 0.00000e+00 0.00000e+00 
5.62341e+07 2.19440e-17 3.33890e-19 3.33890e-19 0.00000e+00 0.00000e+00 
7.07946e+07 1.13240e-17 2.13560e-19 2.13560e-19 0.00000e+00 0.00000e+00 
8.91251e+07 5.53180e-18 1.32900e-19 1.32900e-19 0.00000e+00 0.00000e+00 
1.25893e+08 2.06190e-18 4.82020e-20 4.82020e-20 0.00000e+00 0.00000e+00 
1.99526e+08 4.61900e-19 1.80860e-20 1.80860e-20 0.00000e+00 0.00000e+00 
3.16228e+08 9.96580e-20 6.66020e-21 6.66020e-21 0.00000e+00 0.00000e+00 
5.01187e+08 2.23710e-20 2.50160e-21 2.50160e-21 0.00000e+00 0.00000e+00 
7.94328e+08 5.28310e-21 9.63790e-22 9.63790e-22 0.00000e+00 0.00000e+00 
