# My local database
# https://doi.org/10.1103/PhysRevD.100.082002
# T [GeV] flux [m-2 s-1 sr-1 GeV-1] total_error_low total_error_high
 2.818e+06  1.730e-13  1.310e-14  1.510e-14
 3.350e+06  1.063e-13  8.501e-15  9.701e-15
 3.758e+06  7.667e-14  6.120e-15  7.340e-15
 4.217e+06  5.508e-14  4.480e-15  5.120e-15
 4.732e+06  3.927e-14  3.300e-15  3.800e-15
 5.309e+06  2.787e-14  2.350e-15  2.640e-15
 5.957e+06  1.967e-14  1.680e-15  1.900e-15
 6.683e+06  1.390e-14  1.200e-15  1.390e-15
 7.499e+06  9.742e-15  8.591e-16  9.431e-16
 8.414e+06  6.797e-15  6.141e-16  6.941e-16
 9.441e+06  4.745e-15  4.331e-16  4.551e-16
 1.059e+07  3.288e-15  3.051e-16  3.381e-16
 1.189e+07  2.289e-15  2.121e-16  2.251e-16
 1.334e+07  1.604e-15  1.421e-16  1.581e-16
 1.496e+07  1.122e-15  1.041e-16  1.081e-16
 1.679e+07  7.893e-16  7.096e-17  7.096e-17
 1.884e+07  5.591e-16  4.885e-17  5.474e-17
 2.113e+07  3.960e-16  3.684e-17  3.854e-17
 2.371e+07  2.828e-16  2.444e-17  2.484e-17
 2.661e+07  2.011e-16  1.883e-17  1.923e-17
 2.985e+07  1.430e-16  1.283e-17  1.323e-17
 3.350e+07  1.031e-16  9.326e-18  9.127e-18
 3.758e+07  7.431e-17  6.017e-18  6.336e-18
 4.217e+07  5.350e-17  5.090e-18  4.881e-18
 4.732e+07  3.754e-17  3.190e-18  4.245e-18
 5.309e+07  2.640e-17  2.595e-18  2.466e-18
 5.957e+07  1.943e-17  1.696e-18  1.429e-18
 6.683e+07  1.369e-17  1.105e-18  1.412e-18
 7.499e+07  1.008e-17  1.219e-18  8.730e-19
 8.414e+07  6.912e-18  5.414e-19  7.133e-19
 9.441e+07  4.948e-18  4.505e-19  4.036e-19
 1.122e+08  2.934e-18  2.946e-19  2.768e-19
 1.413e+08  1.468e-18  1.449e-19  1.813e-19
 1.778e+08  6.991e-19  7.465e-20  5.790e-20
 2.239e+08  3.146e-19  3.013e-20  3.409e-20
 2.818e+08  1.602e-19  1.592e-20  1.693e-20
 3.548e+08  6.468e-20  7.428e-21  8.847e-21
 4.467e+08  3.169e-20  4.574e-21  3.681e-21
 5.623e+08  1.350e-20  4.643e-21  3.812e-21
 7.079e+08  6.091e-21  1.037e-21  1.187e-21
 8.913e+08  2.492e-21  7.033e-22  6.512e-22
 1.122e+09  8.199e-22  4.941e-22  3.328e-22
