#Source: mytables
#Ref: 10.22323/1.358.0450 (2019ICRC...36..450V)
#Experiment: Auger2019
#Y Quantity: allParticle
#X Quantity: totalEnergy
#Url: 
#Comments: 
#Colums: x, y, y statistical errors, y systematic errors
3.548e+07 6.243e-17 0.000e+00 0.000e+00 6.102e-19 6.161e-19 
4.467e+07 3.224e-17 0.000e+00 0.000e+00 3.273e-19 3.307e-19 
5.623e+07 1.692e-17 0.000e+00 0.000e+00 1.864e-19 1.883e-19 
7.079e+07 8.566e-18 0.000e+00 0.000e+00 1.018e-19 1.030e-19 
8.913e+07 4.388e-18 0.000e+00 0.000e+00 5.747e-20 5.822e-20 
1.122e+08 2.248e-18 0.000e+00 0.000e+00 4.657e-21 4.658e-21 
1.413e+08 1.125e-18 0.000e+00 0.000e+00 2.958e-21 2.958e-21 
1.778e+08 5.446e-19 0.000e+00 0.000e+00 1.843e-21 1.843e-21 
2.239e+08 2.601e-19 0.000e+00 0.000e+00 1.140e-21 1.140e-21 
2.818e+08 1.229e-19 0.000e+00 0.000e+00 7.015e-22 7.015e-22 
3.548e+08 5.778e-20 0.000e+00 0.000e+00 4.304e-22 4.304e-22 
4.467e+08 2.711e-20 0.000e+00 0.000e+00 2.635e-22 2.635e-22 
5.623e+08 1.250e-20 0.000e+00 0.000e+00 1.601e-22 1.601e-22 
7.079e+08 5.837e-21 0.000e+00 0.000e+00 9.786e-23 9.786e-23 
8.913e+08 2.727e-21 0.000e+00 0.000e+00 5.989e-23 5.989e-23 
1.122e+09 1.240e-21 0.000e+00 0.000e+00 2.791e-23 2.791e-23 
1.413e+09 5.865e-22 0.000e+00 0.000e+00 1.470e-23 1.470e-23 
1.778e+09 2.866e-22 0.000e+00 0.000e+00 7.575e-24 7.575e-24 
2.239e+09 1.289e-22 0.000e+00 0.000e+00 3.643e-24 3.643e-24 
2.818e+09 6.121e-23 0.000e+00 0.000e+00 2.102e-25 2.102e-25 
3.548e+09 2.863e-23 0.000e+00 0.000e+00 1.300e-25 1.300e-25 
4.467e+09 1.370e-23 0.000e+00 0.000e+00 7.050e-26 7.050e-26 
5.623e+09 6.942e-24 0.000e+00 0.000e+00 4.508e-26 4.508e-26 
7.079e+09 3.856e-24 0.000e+00 0.000e+00 3.021e-26 3.021e-26 
8.913e+09 2.170e-24 0.000e+00 0.000e+00 2.033e-26 2.033e-26 
1.122e+10 1.198e-24 0.000e+00 0.000e+00 1.348e-26 1.348e-26 
1.413e+10 6.533e-25 0.000e+00 0.000e+00 8.871e-27 8.871e-27 
1.778e+10 3.280e-25 0.000e+00 0.000e+00 5.611e-27 5.611e-27 
2.239e+10 1.680e-25 0.000e+00 0.000e+00 3.588e-27 3.588e-27 
2.818e+10 8.150e-26 0.000e+00 0.000e+00 2.238e-27 2.238e-27 
3.548e+10 4.112e-26 0.000e+00 0.000e+00 1.426e-27 1.426e-27 
4.467e+10 1.844e-26 0.000e+00 0.000e+00 8.612e-28 8.612e-28 
5.623e+10 6.398e-27 0.000e+00 0.000e+00 4.554e-28 4.554e-28 
7.079e+10 2.281e-27 0.000e+00 0.000e+00 2.434e-28 2.434e-28 
8.913e+10 4.139e-28 0.000e+00 0.000e+00 9.941e-29 9.941e-29 
1.122e+11 1.450e-28 0.000e+00 0.000e+00 5.603e-29 5.603e-29 
1.413e+11 9.281e-29 0.000e+00 0.000e+00 3.667e-29 5.516e-29 
