#Source: mytables
#Ref: 10.1103/PhysRevD.96.122001 (2017PhRvD..96l2001A)
#Experiment: HAWC
#Y Quantity: allParticle
#X Quantity: totalEnergy
#Url: 
#Comments: 
#Colums: x, y, y statistical errors, y systematic errors
1.122e+04 4.797e+00 2.000e-11 2.000e-11 1.443e-07 1.019e-07 
1.413e+04 2.692e+00 1.000e-11 1.000e-11 6.790e-08 4.683e-08 
1.778e+04 1.516e+00 1.000e-11 1.000e-11 3.545e-08 2.504e-08 
2.239e+04 8.495e+00 7.000e-12 7.000e-12 1.956e-08 1.449e-08 
2.818e+04 4.782e+00 5.000e-12 5.000e-12 1.051e-08 8.067e-09 
3.548e+04 2.676e+00 3.000e-12 3.000e-12 6.058e-09 4.913e-09 
4.467e+04 1.482e+00 2.000e-12 2.000e-12 3.174e-09 2.662e-09 
5.623e+04 8.184e+00 1.500e-12 1.500e-12 1.799e-09 1.587e-09 
7.079e+04 4.477e+00 1.000e-12 1.000e-12 9.769e-10 9.035e-10 
8.913e+04 2.419e+00 7.000e-13 7.000e-13 5.291e-10 5.159e-10 
1.122e+05 1.278e+00 4.000e-13 4.000e-13 2.796e-10 2.893e-10 
1.413e+05 6.764e+00 2.700e-13 2.700e-13 1.402e-10 1.560e-10 
1.778e+05 3.583e+00 1.700e-13 1.700e-13 7.326e-11 8.875e-11 
2.239e+05 1.911e+00 1.100e-13 1.100e-13 3.778e-11 5.074e-11 
2.818e+05 1.035e+00 7.000e-14 7.000e-14 2.058e-11 3.076e-11 
3.548e+05 5.488e+00 4.700e-14 4.700e-14 1.095e-11 1.858e-11 
4.467e+05 2.928e+00 3.000e-14 3.000e-14 5.843e-12 1.204e-11 
