#Source: mytables
#Ref: 10.1103/PhysRevD.100.082002 (2019PhRvD.100h2002A)
#Experiment: IceCube (SIBYLL-2.1)
#Y Quantity: allParticle
#X Quantity: totalEnergy
#Url: 
#Comments: 
#Colums: x, y, y statistical errors, y systematic errors
3.548e+06 9.005e-14 8.000e-17 8.000e-17 5.870e-15 6.680e-15 
4.467e+06 4.612e-14 5.000e-17 5.000e-17 3.170e-15 3.770e-15 
5.623e+06 2.323e-14 3.000e-17 3.000e-17 1.680e-15 2.030e-15 
7.079e+06 1.158e-14 2.000e-17 2.000e-17 8.700e-16 1.030e-15 
8.913e+06 5.635e-15 1.400e-17 1.400e-17 4.460e-16 5.240e-16 
1.122e+07 2.698e-15 8.000e-18 8.000e-18 2.200e-16 2.540e-16 
1.413e+07 1.308e-15 5.000e-18 5.000e-18 9.400e-17 1.170e-16 
1.778e+07 6.473e-16 3.200e-18 3.200e-18 4.730e-17 5.920e-17 
2.239e+07 3.250e-16 2.000e-18 2.000e-18 2.350e-17 2.660e-17 
2.818e+07 1.657e-16 1.300e-18 1.300e-18 1.160e-17 1.330e-17 
3.548e+07 8.600e-17 8.300e-19 8.300e-19 5.960e-18 6.850e-18 
4.467e+07 4.399e-17 5.300e-19 5.300e-19 3.770e-18 4.300e-18 
5.623e+07 2.194e-17 3.300e-19 3.300e-19 1.370e-18 2.190e-18 
7.079e+07 1.132e-17 2.100e-19 2.100e-19 9.800e-19 8.600e-19 
8.913e+07 5.532e-18 1.330e-19 1.330e-19 4.830e-19 5.740e-19 
1.259e+08 2.062e-18 4.800e-20 4.800e-20 1.480e-19 2.050e-19 
1.995e+08 4.619e-19 1.810e-20 1.810e-20 4.290e-20 5.490e-20 
3.162e+08 9.966e-20 6.660e-21 6.660e-21 1.019e-20 1.495e-20 
5.012e+08 2.237e-20 2.500e-21 2.500e-21 1.240e-21 2.060e-21 
7.943e+08 5.283e-21 9.640e-22 9.640e-22 7.200e-22 1.021e-21 
