#Source: KCDC
#Ref: 10.22323/1.236.0359 (2015ICRC...34..359B)
#Experiment: KASCADE-Grande (SIBYLL-2.1)
#Y Quantity: allParticle
#X Quantity: totalEnergy
#Url: https://kcdc.ikp.kit.edu/spectra/
#Comments: 
#Colums: x, y, y statistical errors, y systematic errors
1.778e+07 7.149e-16 0.000e+00 0.000e+00 3.807e-18 3.807e-18 
2.239e+07 3.586e-16 0.000e+00 0.000e+00 2.082e-18 2.082e-18 
2.818e+07 1.870e-16 0.000e+00 0.000e+00 1.198e-18 1.198e-18 
3.548e+07 9.156e-17 0.000e+00 0.000e+00 7.470e-19 7.470e-19 
4.467e+07 4.677e-17 0.000e+00 0.000e+00 4.759e-19 4.759e-19 
5.623e+07 2.300e-17 0.000e+00 0.000e+00 2.975e-19 2.975e-19 
7.079e+07 1.174e-17 0.000e+00 0.000e+00 1.894e-19 1.894e-19 
8.913e+07 5.837e-18 0.000e+00 0.000e+00 1.190e-19 1.190e-19 
1.122e+08 2.848e-18 0.000e+00 0.000e+00 7.410e-20 7.410e-20 
1.413e+08 1.279e-18 0.000e+00 0.000e+00 4.425e-20 4.425e-20 
1.778e+08 6.277e-19 0.000e+00 0.000e+00 2.764e-20 2.764e-20 
2.239e+08 3.392e-19 0.000e+00 0.000e+00 1.810e-20 1.810e-20 
2.818e+08 1.412e-19 0.000e+00 0.000e+00 1.041e-20 1.041e-20 
3.548e+08 7.195e-20 0.000e+00 0.000e+00 6.622e-21 6.622e-21 
5.012e+08 2.838e-20 0.000e+00 0.000e+00 2.442e-21 2.442e-21 
7.943e+08 6.235e-21 0.000e+00 0.000e+00 9.093e-22 9.093e-22 
