#Source: KCDC
#Ref: 10.1016/j.astropartphys.2005.04.001 (2005APh....24....1A)
#Experiment: KASCADE (2005_SIBYLL-2.1)
#Y Quantity: allParticle
#X Quantity: totalEnergy
#Url: https://kcdc.ikp.kit.edu/spectra/
#Comments: 
#Colums: x, y, y statistical errors, y systematic errors
1.778e+06 6.334e-13 0.000e+00 0.000e+00 2.113e-14 2.113e-14 
2.239e+06 3.449e-13 0.000e+00 0.000e+00 1.364e-14 1.364e-14 
2.818e+06 1.798e-13 0.000e+00 0.000e+00 8.860e-15 8.860e-15 
3.548e+06 9.990e-14 0.000e+00 0.000e+00 4.986e-15 4.986e-15 
4.467e+06 4.912e-14 0.000e+00 0.000e+00 2.693e-15 2.693e-15 
5.623e+06 2.623e-14 0.000e+00 0.000e+00 1.436e-15 1.436e-15 
7.079e+06 1.355e-14 0.000e+00 0.000e+00 9.529e-16 9.529e-16 
8.913e+06 6.256e-15 0.000e+00 0.000e+00 4.618e-16 4.618e-16 
1.122e+07 3.635e-15 0.000e+00 0.000e+00 2.767e-16 2.767e-16 
1.413e+07 1.483e-15 0.000e+00 0.000e+00 1.436e-16 1.436e-16 
1.778e+07 7.568e-16 0.000e+00 0.000e+00 7.839e-17 7.839e-17 
2.239e+07 4.046e-16 0.000e+00 0.000e+00 5.081e-17 5.081e-17 
2.818e+07 1.866e-16 0.000e+00 0.000e+00 2.303e-17 2.303e-17 
3.548e+07 8.810e-17 0.000e+00 0.000e+00 1.393e-17 1.393e-17 
4.467e+07 3.649e-17 0.000e+00 0.000e+00 6.611e-18 6.611e-18 
5.623e+07 2.288e-17 0.000e+00 0.000e+00 4.452e-18 4.452e-18 
7.079e+07 9.295e-18 0.000e+00 0.000e+00 2.715e-18 2.715e-18 
8.913e+07 5.811e-18 0.000e+00 0.000e+00 2.068e-18 2.068e-18 
