#Source: CRDB
#Ref: 10.1016/j.asr.2019.10.004 (2019AdSpR..64.2546G)
#Experiment: NUCLEON
#Y Quantity: allParticle
#X Quantity: totalEnergy
#Url: https://lpsc.in2p3.fr/crdb
#Comments: 
#Colums: x, y, y statistical errors, y systematic errors
7.940e+05 6.070e-12 6.120e-13 6.120e-13 2.750e-12 2.750e-12 
5.010e+05 2.290e-11 1.490e-12 1.490e-12 6.870e-12 6.870e-12 
3.160e+05 8.170e-11 3.920e-12 3.920e-12 1.830e-11 1.830e-11 
2.000e+05 2.900e-10 9.380e-12 9.380e-12 5.090e-11 5.090e-11 
1.260e+05 9.940e-10 2.550e-11 2.550e-11 1.480e-10 1.480e-10 
7.940e+04 3.320e-09 5.910e-11 5.910e-11 4.280e-10 4.280e-10 
5.010e+04 1.110e-08 1.590e-10 1.590e-10 1.320e-09 1.320e-09 
3.160e+04 3.540e-08 3.690e-10 3.690e-10 4.100e-09 4.100e-09 
2.000e+04 1.140e-07 9.580e-10 9.580e-10 1.290e-08 1.290e-08 
1.260e+04 3.450e-07 2.140e-09 2.140e-09 3.880e-08 3.880e-08 
7.940e+03 1.050e-06 5.140e-09 5.140e-09 1.170e-07 1.170e-07 
