#Source: CRDB
#Ref: 10.22323/1.236.0349 (2015ICRC...34..349I)
#Experiment: TA
#Y Quantity: allParticle
#X Quantity: totalEnergy
#Url: https://lpsc.in2p3.fr/crdb
#Comments: 
#Colums: x, y, y statistical errors, y systematic errors
1.413e+10 7.511e-25 3.429e-26 3.429e-26 7.511e-26 7.511e-26 
1.122e+10 1.410e-24 5.247e-26 5.247e-26 1.410e-25 1.410e-25 
8.913e+09 2.520e-24 7.633e-26 7.633e-26 2.520e-25 2.520e-25 
7.079e+09 4.675e-24 1.217e-25 1.217e-25 4.675e-25 4.675e-25 
5.623e+09 8.397e-24 1.976e-25 1.976e-25 8.397e-25 8.397e-25 
4.467e+09 1.737e-23 3.492e-25 3.408e-25 1.737e-24 1.737e-24 
1.122e+09 1.538e-21 4.466e-23 4.466e-23 1.538e-22 1.538e-22 
2.818e+09 7.642e-23 1.266e-24 1.258e-24 7.642e-24 7.642e-24 
2.239e+09 1.630e-22 2.691e-24 2.691e-24 1.630e-23 1.630e-23 
1.778e+09 3.502e-22 6.350e-24 6.350e-24 3.502e-23 3.502e-23 
1.413e+09 6.909e-22 2.501e-23 2.501e-23 6.909e-23 6.909e-23 
3.548e+09 3.569e-23 6.481e-25 6.481e-25 3.569e-24 3.569e-24 
1.778e+10 4.110e-25 2.157e-26 2.149e-26 4.110e-26 4.110e-26 
2.239e+10 2.196e-25 1.383e-26 1.392e-26 2.196e-26 2.196e-26 
2.818e+10 1.104e-25 8.727e-27 8.809e-27 1.104e-26 1.104e-26 
3.548e+10 5.769e-26 5.624e-27 5.624e-27 5.769e-27 5.769e-27 
4.467e+10 2.689e-26 3.514e-27 3.514e-27 2.689e-27 2.689e-27 
5.623e+10 1.874e-26 2.651e-27 2.642e-27 1.874e-27 1.874e-27 
7.079e+10 8.086e-27 1.445e-27 1.445e-27 8.086e-28 8.086e-28 
8.913e+10 1.515e-27 5.128e-28 7.453e-28 1.515e-28 1.515e-28 
1.122e+11 1.627e-27 5.202e-28 6.256e-28 1.627e-28 1.627e-28 
1.413e+11 1.615e-28 9.838e-29 2.719e-28 1.615e-29 1.615e-29 
1.778e+11 2.490e-28 1.550e-28 2.763e-28 2.490e-29 2.490e-29 
2.239e+11 0.000e+00 1.550e-28 2.763e-28 2.490e-29 2.490e-29 
