#Source: mytables
#Ref: 10.1086/529514 (2008ApJ...678.1165A)
#Experiment: Tibet (QGSJET+HD)
#Y Quantity: allParticle
#X Quantity: totalEnergy
#Url: 
#Comments: 
#Colums: x, y, y statistical errors, y systematic errors
1.120e+05 9.300e-10 0.000e+00 0.000e+00 2.000e-13 2.000e-13 
1.410e+05 5.008e-10 0.000e+00 0.000e+00 1.000e-13 1.000e-13 
1.780e+05 2.732e-10 0.000e+00 0.000e+00 1.000e-13 1.000e-13 
2.240e+05 1.470e-10 0.000e+00 0.000e+00 1.000e-13 1.000e-13 
2.820e+05 7.934e-11 0.000e+00 0.000e+00 4.000e-14 4.000e-14 
3.550e+05 4.296e-11 0.000e+00 0.000e+00 3.000e-14 3.000e-14 
4.470e+05 2.323e-11 0.000e+00 0.000e+00 2.000e-14 2.000e-14 
5.620e+05 1.262e-11 0.000e+00 0.000e+00 1.000e-14 1.000e-14 
7.080e+05 6.834e-12 0.000e+00 0.000e+00 8.000e-15 8.000e-15 
8.910e+05 3.695e-12 0.000e+00 0.000e+00 5.000e-15 5.000e-15 
1.120e+06 2.001e-12 0.000e+00 0.000e+00 3.000e-15 3.000e-15 
1.410e+06 1.092e-12 0.000e+00 0.000e+00 2.000e-15 2.000e-15 
1.780e+06 5.947e-13 0.000e+00 0.000e+00 1.400e-15 1.400e-15 
2.240e+06 3.228e-13 0.000e+00 0.000e+00 9.000e-16 9.000e-16 
2.820e+06 1.738e-13 0.000e+00 0.000e+00 6.000e-16 6.000e-16 
3.550e+06 9.301e-14 0.000e+00 0.000e+00 4.000e-16 4.000e-16 
4.470e+06 4.692e-14 0.000e+00 0.000e+00 2.500e-16 2.500e-16 
5.620e+06 2.384e-14 0.000e+00 0.000e+00 1.600e-16 1.600e-16 
7.080e+06 1.159e-14 0.000e+00 0.000e+00 1.000e-16 1.000e-16 
8.910e+06 5.571e-15 0.000e+00 0.000e+00 6.100e-17 6.100e-17 
1.120e+07 2.631e-15 0.000e+00 0.000e+00 3.700e-17 3.700e-17 
1.410e+07 1.265e-15 0.000e+00 0.000e+00 2.300e-17 2.300e-17 
1.780e+07 6.631e-16 0.000e+00 0.000e+00 1.490e-17 1.490e-17 
2.240e+07 3.177e-16 0.000e+00 0.000e+00 9.200e-18 9.200e-18 
2.820e+07 1.651e-16 0.000e+00 0.000e+00 5.900e-18 5.900e-18 
3.550e+07 8.101e-17 0.000e+00 0.000e+00 3.700e-18 3.700e-18 
4.470e+07 3.614e-17 0.000e+00 0.000e+00 2.200e-18 2.200e-18 
5.620e+07 2.146e-17 0.000e+00 0.000e+00 1.510e-18 1.510e-18 
7.080e+07 9.764e-18 0.000e+00 0.000e+00 9.080e-19 9.080e-19 
8.910e+07 4.156e-18 0.000e+00 0.000e+00 5.280e-19 5.280e-19 
1.120e+08 2.694e-18 0.000e+00 0.000e+00 3.790e-19 3.790e-19 
1.410e+08 1.242e-18 0.000e+00 0.000e+00 2.290e-19 2.290e-19 
1.780e+08 5.310e-19 0.000e+00 0.000e+00 1.337e-19 1.337e-19 
