#Source: CRDB
#Ref: 10.1016/j.nima.2013.09.018 (2014NIMPA.756...94P)
#Experiment: TUNKA-133
#Y Quantity: allParticle
#X Quantity: totalEnergy
#Url: https://lpsc.in2p3.fr/crdb
#Comments: Model: QGSJet01
#Colums: x, y, y statistical errors, y systematic errors
1.778e+07 6.122e-16 6.500e-18 6.500e-18 6.122e-17 6.122e-17 
2.239e+07 3.059e-16 4.095e-18 4.095e-18 3.059e-17 3.059e-17 
2.818e+07 1.584e-16 2.626e-18 2.626e-18 1.584e-17 1.584e-17 
3.548e+07 7.711e-17 1.633e-18 1.633e-18 7.711e-18 7.711e-18 
4.467e+07 3.902e-17 1.035e-18 1.035e-18 3.902e-18 3.902e-18 
5.623e+07 1.951e-17 6.526e-19 6.526e-19 1.951e-18 1.951e-18 
7.079e+07 1.045e-17 4.257e-19 4.257e-19 1.045e-18 1.045e-18 
8.913e+07 5.219e-18 2.681e-19 2.681e-19 5.219e-19 5.219e-19 
1.413e+08 1.292e-18 6.064e-20 6.064e-20 1.292e-19 1.292e-19 
2.818e+08 1.583e-19 1.503e-20 1.503e-20 1.583e-20 1.583e-20 
5.623e+08 1.573e-20 3.353e-21 3.353e-21 1.573e-21 1.573e-21 
1.122e+09 1.433e-21 7.166e-22 7.166e-22 1.433e-22 1.433e-22 
1.413e+07 1.252e-15 1.043e-17 1.043e-17 1.252e-16 1.252e-16 
1.122e+07 2.652e-15 1.703e-17 1.703e-17 2.652e-16 2.652e-16 
8.913e+06 5.654e-15 2.790e-17 2.790e-17 5.654e-16 5.654e-16 
7.079e+06 1.189e-14 4.540e-17 4.540e-17 1.189e-15 1.189e-15 
5.623e+06 2.556e-14 6.114e-16 6.114e-16 2.556e-15 2.556e-15 
4.467e+06 4.881e-14 9.482e-16 9.482e-16 4.881e-15 4.881e-15 
3.548e+06 9.517e-14 1.485e-15 1.485e-15 9.517e-15 9.517e-15 
2.818e+06 1.912e-13 2.363e-15 2.363e-15 1.912e-14 1.912e-14 
2.239e+06 3.536e-13 3.602e-15 3.602e-15 3.536e-14 3.536e-14 
1.778e+06 6.769e-13 5.593e-15 5.593e-15 6.769e-14 6.769e-14 
1.413e+06 1.255e-12 8.540e-15 8.540e-15 1.255e-13 1.255e-13 
1.122e+06 2.380e-12 1.320e-14 1.320e-14 2.380e-13 2.380e-13 
8.913e+05 4.370e-12 2.007e-14 2.007e-14 4.370e-13 4.370e-13 
