#E - dE_lo - dE_up - y - dy_lo - dy_up
1.18912e-01 1.89117e-02 2.24883e-02 3.29267e-03 8.07173e-04 1.73504e-03
1.68167e-01 2.67666e-02 3.18334e-02 2.86051e-03 9.03055e-04 1.69747e-03
2.37823e-01 3.78235e-02 4.49765e-02 2.51379e-03 9.53149e-04 1.60674e-03
3.36333e-01 5.35332e-02 6.36668e-02 2.23662e-03 9.12337e-04 1.47247e-03
4.75689e-01 7.56890e-02 9.00110e-02 2.13394e-03 7.92022e-04 1.22966e-03
6.72726e-01 1.07026e-01 1.27274e-01 2.19040e-03 6.60280e-04 1.02254e-03
9.51378e-01 1.51378e-01 1.80022e-01 1.83806e-03 6.14210e-04 8.40542e-04
1.34545e+00 2.14052e-01 2.54548e-01 1.43829e-03 6.42991e-04 6.46355e-04
1.90271e+00 3.02714e-01 3.59986e-01 1.14734e-03 6.69793e-04 6.71772e-04
2.69084e+00 4.28144e-01 5.09156e-01 1.05804e-03 6.28527e-04 5.95161e-04
3.80547e+00 6.05470e-01 7.20030e-01 8.86674e-04 6.03928e-04 5.39235e-04
5.38175e+00 8.56247e-01 1.01825e+00 7.86273e-04 5.74232e-04 4.72194e-04
7.61094e+00 1.21094e+00 1.44006e+00 7.29204e-04 5.21502e-04 3.99803e-04
1.07635e+01 1.71249e+00 2.03651e+00 8.20071e-04 4.42842e-04 3.35541e-04
1.52218e+01 2.42184e+00 2.88006e+00 6.14810e-04 3.82494e-04 2.43808e-04
2.15269e+01 3.42503e+00 4.07307e+00 5.70248e-04 3.19567e-04 2.22868e-04
3.04437e+01 4.84372e+00 5.76018e+00 4.72182e-04 2.58893e-04 1.84184e-04
4.30539e+01 6.85002e+00 8.14608e+00 4.52497e-04 2.15442e-04 1.77081e-04
6.08874e+01 9.68739e+00 1.15203e+01 3.86087e-04 1.71581e-04 1.54033e-04
8.61078e+01 1.37001e+01 1.62922e+01 3.10505e-04 1.36283e-04 1.27035e-04
1.21775e+02 1.93748e+01 2.30407e+01 1.88264e-04 1.01840e-04 8.53154e-05
1.72216e+02 2.74001e+01 3.25844e+01 1.68616e-04 8.11824e-05 7.84098e-05
2.43550e+02 3.87496e+01 4.60813e+01 1.14858e-04 6.50521e-05 6.17398e-05
3.44431e+02 5.48002e+01 6.51689e+01 1.10115e-04 6.76738e-05 6.38679e-05
4.87099e+02 7.74992e+01 9.21627e+01 3.57044e-05 4.59773e-05 3.92261e-05
6.88862e+02 1.09600e+02 1.30338e+02 2.89736e-07 3.23214e-05 2.36969e-05
