#E - dE_lo - dE_up - y - dy_lo - dy_up
2.38109e-01 0.00000e+00 0.00000e+00 3.18865e-01 2.33600e-02 2.52060e-02
3.77736e-01 0.00000e+00 0.00000e+00 3.81428e-01 2.62030e-02 2.41360e-02
5.98377e-01 0.00000e+00 0.00000e+00 4.07559e-01 2.42540e-02 2.47270e-02
9.46074e-01 0.00000e+00 0.00000e+00 3.99636e-01 3.28950e-02 3.15910e-02
1.49869e+00 0.00000e+00 0.00000e+00 3.67642e-01 3.92470e-02 4.09190e-02
2.37409e+00 0.00000e+00 0.00000e+00 3.07340e-01 4.14310e-02 3.84240e-02
3.75359e+00 0.00000e+00 0.00000e+00 2.37522e-01 3.65080e-02 3.63350e-02
5.94612e+00 0.00000e+00 0.00000e+00 1.80439e-01 3.18020e-02 3.32950e-02
9.40120e+00 0.00000e+00 0.00000e+00 1.31796e-01 2.61200e-02 2.66350e-02
1.48926e+01 0.00000e+00 0.00000e+00 9.93868e-02 1.93049e-02 2.00852e-02
2.35915e+01 0.00000e+00 0.00000e+00 7.81404e-02 1.53324e-02 1.62539e-02
3.72997e+01 0.00000e+00 0.00000e+00 6.09853e-02 1.20864e-02 1.21451e-02
5.89733e+01 0.00000e+00 0.00000e+00 5.06082e-02 9.83020e-03 9.92970e-03
9.36004e+01 0.00000e+00 0.00000e+00 4.01819e-02 8.04240e-03 7.76630e-03
