# Fig 17 in Achkermann et al., ApJ, 750, 1, 2012 - 2012ApJ...750....3A
2.38109e+2    2.95505e-2 3.18865e-2 3.44071e-2
3.77736e+2    3.55225e-2 3.81428e-2 4.05564e-2
5.98377e+2    3.83305e-2 4.07559e-2 4.32286e-2
9.46074e+2    3.66741e-2 3.99636e-2 4.31227e-2
1.49869e+3    3.28395e-2 3.67642e-2 4.08561e-2
2.37409e+3    2.65909e-2 3.07340e-2 3.45764e-2
3.75359e+3    2.01014e-2 2.37522e-2 2.73857e-2
5.94612e+3    1.48637e-2 1.80439e-2 2.13734e-2
9.40120e+3    1.05676e-2 1.31796e-2 1.58431e-2
1.48926e+4    8.00819e-3 9.93868e-3 1.19472e-2
2.35915e+4    6.28080e-3 7.81404e-3 9.43943e-3
3.72997e+4    4.88989e-3 6.09853e-3 7.31304e-3
5.89733e+4    4.07780e-3 5.06082e-3 6.05379e-3
9.36004e+4    3.21395e-3 4.01819e-3 4.79482e-3
   
