#E - dE_lo - dE_up - y - dy_lo - dy_up
6.80047e+03 1.79922e+03 3.22153e+03 3.15747e-04 2.09475e-04 2.23560e-04
1.47156e+04 4.65690e+03 6.65600e+03 3.35552e-04 1.19014e-04 1.05663e-04
3.16112e+04 1.00037e+04 1.44663e+04 4.41215e-04 7.58330e-05 9.15700e-05
6.82345e+04 2.09281e+04 3.18145e+04 1.93892e-04 5.22010e-05 6.42940e-05
1.46696e+05 4.66470e+04 6.83970e+04 1.98350e-04 4.73480e-05 5.75000e-05
6.78032e+05 2.15606e+05 3.16132e+05 5.51808e-06 4.66227e-06 4.16442e-05
1.47372e+06 4.63120e+05 6.98960e+05 1.08853e-04 5.52892e-05 7.14380e-05
3.15381e+05 9.79230e+04 1.47045e+05 1.72705e-05 1.00000e+04 1.00000e+04
3.16832e+06 1.00748e+06 1.42671e+06 4.89089e-05 1.00000e+04 1.00000e+04
6.81154e+06 2.16599e+06 3.17587e+06 1.44648e-05 1.00000e+04 1.00000e+04
1.46440e+07 4.65659e+06 6.82780e+06 7.70557e-05 1.00000e+04 1.00000e+04
3.14830e+07 1.00112e+07 1.46789e+07 1.35395e-04 1.00000e+04 1.00000e+04
6.76848e+07 2.15229e+07 3.15580e+07 2.65325e-04 1.00000e+04 1.00000e+04
