# From plot: F. Halzen, https://indico.gssi.it/event/632/contributions/2167/
# Aartsen et al., PRL, 2020
5.00125e+3   6.80047e+3   1.00220e+4   1.06272e-8   3.15747e-8   5.39307e-8
1.00587e+4   1.47156e+4   2.13716e+4   2.16538e-8   3.35552e-8   4.41215e-8
2.16075e+4   3.16112e+4   4.60775e+4   3.65382e-8   4.41215e-8   5.32785e-8
4.73064e+4   6.82345e+4   1.00049e+5   1.41691e-8   1.93892e-8   2.58186e-8
1.00049e+5   1.46696e+5   2.15093e+5   1.51002e-8   1.98350e-8   2.55850e-8
4.62426e+5   6.78032e+5   9.94164e+5   8.55814e-11  5.51808e-10  4.71623e-9
1.01060e+6   1.47372e+6   2.17268e+6   5.35638e-9   1.08853e-8   1.80291e-8
2.17458e+5   3.15381e+5   4.62426e+5   -1           1.72705e-9   -1     
2.16084e+6   3.16832e+6   4.59503e+6   -1           4.89089e-9   -1
4.64555e+6   6.81154e+6   9.98741e+6   -1           1.44648e-9   -1
9.98741e+6   1.46440e+7   2.14718e+7   -1           7.70557e-9   -1
2.14718e+7   3.14830e+7   4.61619e+7   -1           1.35395e-8   -1
4.61619e+7   6.76848e+7   9.92428e+7   -1           2.65325e-8   -1
