#E - errLo - errUp [GeV] - E2I - errLo - errUp [GeV m-2 s-1 sr-1]
6.092e+04 1.888e+04 2.737e+04 6.668e-04 2.938e-04 3.428e-04
1.279e+05 3.966e+04 5.747e+04 8.036e-04 1.771e-04 2.060e-04
2.702e+05 8.374e+04 1.214e+05 2.291e-04 1.124e-04 1.401e-04
1.192e+06 3.693e+05 5.353e+05 1.545e-04 9.436e-05 1.363e-04
2.509e+06 7.824e+05 1.137e+06 1.295e-04 9.296e-05 1.613e-04
5.674e+05 1.759e+05 2.549e+05 6.137e-05 1 1
5.284e+06 1.638e+06 2.374e+06 4.638e-05 1 1
1.110e+07 3.440e+06 4.985e+06 1.217e-04 1 1
2.337e+07 7.200e+06 1.041e+07 1.843e-04 1 1
4.908e+07 1.512e+07 2.186e+07 3.127e-04 1 1
