#Source: SSDC
#Ref: 10.1016/j.physrep.2020.09.003 (2021PhR...894....1A)
#Experiment: AMS-02
#Y Quantity: e+
#X Quantity: kineticEnergy
#Url: https://tools.ssdc.asi.it/CosmicRays/
#Comments: 
#Colums: x, y, y statistical errors, y systematic errors
5.685e-01 2.669e+00 1.090e-01 1.090e-01 1.410e-01 1.410e-01 
7.284e-01 2.576e+00 2.900e-02 2.900e-02 1.050e-01 1.050e-01 
9.084e-01 2.272e+00 1.600e-02 1.600e-02 7.100e-02 7.100e-02 
1.108e+00 1.929e+00 1.100e-02 1.100e-02 4.900e-02 4.900e-02 
1.333e+00 1.528e+00 7.000e-03 7.000e-03 3.200e-02 3.200e-02 
1.583e+00 1.196e+00 5.000e-03 5.000e-03 2.100e-02 2.100e-02 
1.853e+00 9.239e-01 3.200e-03 3.200e-03 1.390e-02 1.390e-02 
2.148e+00 7.003e-01 2.200e-03 2.200e-03 9.500e-03 9.500e-03 
2.472e+00 5.341e-01 1.600e-03 1.600e-03 6.800e-03 6.800e-03 
2.818e+00 3.983e-01 1.300e-03 1.300e-03 4.900e-03 4.900e-03 
3.173e+00 3.024e-01 1.000e-03 1.000e-03 3.600e-03 3.600e-03 
3.539e+00 2.338e-01 8.000e-04 8.000e-04 2.800e-03 2.800e-03 
3.919e+00 1.809e-01 6.000e-04 6.000e-04 2.100e-03 2.100e-03 
4.323e+00 1.389e-01 5.000e-04 5.000e-04 1.600e-03 1.600e-03 
4.763e+00 1.069e-01 4.000e-04 4.000e-04 1.300e-03 1.300e-03 
5.237e+00 8.208e-02 3.100e-04 3.100e-04 9.900e-04 9.900e-04 
5.737e+00 6.278e-02 2.500e-04 2.500e-04 7.600e-04 7.600e-04 
6.262e+00 4.923e-02 2.000e-04 2.000e-04 6.000e-04 6.000e-04 
6.812e+00 3.890e-02 1.700e-04 1.700e-04 4.800e-04 4.800e-04 
7.387e+00 3.018e-02 1.400e-04 1.400e-04 3.700e-04 3.700e-04 
7.987e+00 2.406e-02 1.200e-04 1.200e-04 3.000e-04 3.000e-04 
8.617e+00 1.900e-02 1.000e-04 1.000e-04 2.400e-04 2.400e-04 
9.277e+00 1.530e-02 8.000e-05 8.000e-05 1.900e-04 1.900e-04 
9.962e+00 1.242e-02 7.000e-05 7.000e-05 1.600e-04 1.600e-04 
1.067e+01 1.007e-02 6.000e-05 6.000e-05 1.300e-04 1.300e-04 
1.141e+01 8.302e-03 5.500e-05 5.500e-05 1.080e-04 1.080e-04 
1.219e+01 6.918e-03 4.800e-05 4.800e-05 9.000e-05 9.000e-05 
1.299e+01 5.668e-03 4.200e-05 4.200e-05 7.500e-05 7.500e-05 
1.382e+01 4.643e-03 3.700e-05 3.700e-05 6.100e-05 6.100e-05 
1.469e+01 3.864e-03 3.200e-05 3.200e-05 5.100e-05 5.100e-05 
1.559e+01 3.262e-03 2.800e-05 2.800e-05 4.400e-05 4.400e-05 
1.652e+01 2.718e-03 2.500e-05 2.500e-05 3.700e-05 3.700e-05 
1.748e+01 2.293e-03 2.200e-05 2.200e-05 3.100e-05 3.100e-05 
1.848e+01 1.933e-03 1.900e-05 1.900e-05 2.600e-05 2.600e-05 
1.951e+01 1.666e-03 1.700e-05 1.700e-05 2.300e-05 2.300e-05 
2.058e+01 1.454e-03 1.500e-05 1.500e-05 2.000e-05 2.000e-05 
2.168e+01 1.214e-03 1.400e-05 1.400e-05 1.700e-05 1.700e-05 
2.283e+01 1.018e-03 1.200e-05 1.200e-05 1.400e-05 1.400e-05 
2.401e+01 9.031e-04 1.110e-05 1.110e-05 1.270e-05 1.270e-05 
2.525e+01 7.647e-04 9.800e-06 9.800e-06 1.080e-05 1.080e-05 
2.656e+01 6.757e-04 8.900e-06 8.900e-06 9.600e-06 9.600e-06 
2.795e+01 5.747e-04 8.000e-06 8.000e-06 8.200e-06 8.200e-06 
2.943e+01 5.063e-04 7.200e-06 7.200e-06 7.200e-06 7.200e-06 
3.100e+01 4.273e-04 6.500e-06 6.500e-06 6.100e-06 6.100e-06 
3.266e+01 3.681e-04 5.900e-06 5.900e-06 5.300e-06 5.300e-06 
3.443e+01 3.126e-04 5.200e-06 5.200e-06 4.500e-06 4.500e-06 
3.632e+01 2.754e-04 4.800e-06 4.800e-06 4.000e-06 4.000e-06 
3.833e+01 2.328e-04 4.300e-06 4.300e-06 3.400e-06 3.400e-06 
4.048e+01 2.004e-04 3.800e-06 3.800e-06 3.000e-06 3.000e-06 
4.278e+01 1.723e-04 3.400e-06 3.400e-06 2.600e-06 2.600e-06 
4.526e+01 1.446e-04 3.000e-06 3.000e-06 2.200e-06 2.200e-06 
4.792e+01 1.323e-04 2.800e-06 2.800e-06 2.000e-06 2.000e-06 
5.080e+01 1.029e-04 2.400e-06 2.400e-06 1.600e-06 1.600e-06 
5.392e+01 8.860e-05 2.140e-06 2.140e-06 1.370e-06 1.370e-06 
5.732e+01 7.558e-05 1.890e-06 1.890e-06 1.180e-06 1.180e-06 
6.103e+01 6.115e-05 1.640e-06 1.640e-06 9.700e-07 9.700e-07 
6.511e+01 5.502e-05 1.490e-06 1.490e-06 8.800e-07 8.800e-07 
6.962e+01 4.367e-05 1.260e-06 1.260e-06 7.100e-07 7.100e-07 
7.465e+01 3.826e-05 1.110e-06 1.110e-06 6.200e-07 6.200e-07 
8.029e+01 3.013e-05 9.400e-07 9.400e-07 5.000e-07 5.000e-07 
8.669e+01 2.511e-05 8.100e-07 8.100e-07 4.200e-07 4.200e-07 
9.402e+01 2.037e-05 6.800e-07 6.800e-07 3.500e-07 3.500e-07 
1.026e+02 1.461e-05 5.900e-07 5.900e-07 2.500e-07 2.500e-07 
1.127e+02 1.173e-05 4.800e-07 4.800e-07 2.000e-07 2.000e-07 
1.250e+02 8.677e-06 3.760e-07 3.760e-07 1.510e-07 1.510e-07 
1.401e+02 6.998e-06 3.030e-07 3.030e-07 1.250e-07 1.250e-07 
1.589e+02 4.595e-06 2.210e-07 2.210e-07 8.400e-08 8.400e-08 
1.831e+02 3.201e-06 1.630e-07 1.630e-07 6.000e-08 6.000e-08 
2.163e+02 1.871e-06 1.110e-07 1.110e-07 3.900e-08 3.900e-08 
2.618e+02 1.158e-06 7.700e-08 7.700e-08 2.600e-08 2.600e-08 
3.268e+02 5.773e-07 4.960e-08 4.960e-08 1.500e-08 1.500e-08 
4.285e+02 2.491e-07 2.860e-08 2.860e-08 9.100e-09 9.100e-09 
5.888e+02 8.312e-08 1.675e-08 1.675e-08 7.700e-09 7.700e-09 
8.323e+02 1.927e-08 1.087e-08 1.087e-08 4.440e-09 4.440e-09 
