#Source: CRDB
#Ref: 10.1103/PhysRevLett.122.041102 (2019PhRvL.122d1102A)
#Experiment: AMS-02
#Quantity: e+
#Units: kinetic energy
#Url: https://lpsc.in2p3.fr/crdb
#Comments: 
5.73275e+01 7.55800e-05 2.22812e-06 2.22812e-06 1.89000e-06 1.89000e-06 
5.39305e+01 8.86000e-05 2.54096e-06 2.54096e-06 2.14000e-06 2.14000e-06 
5.08079e+01 1.02900e-04 2.88444e-06 2.88444e-06 2.40000e-06 2.40000e-06 
4.79301e+01 1.32300e-04 3.44093e-06 3.44093e-06 2.80000e-06 2.80000e-06 
4.52668e+01 1.44600e-04 3.72022e-06 3.72022e-06 3.00000e-06 3.00000e-06 
4.27883e+01 1.72300e-04 4.28019e-06 4.28019e-06 3.40000e-06 3.40000e-06 
4.04848e+01 2.00400e-04 4.84149e-06 4.84149e-06 3.80000e-06 3.80000e-06 
3.83359e+01 2.32800e-04 5.48179e-06 5.48179e-06 4.30000e-06 4.30000e-06 
3.63219e+01 2.75400e-04 6.24820e-06 6.24820e-06 4.80000e-06 4.80000e-06 
3.44328e+01 3.12600e-04 6.87677e-06 6.87677e-06 5.20000e-06 5.20000e-06 
3.26638e+01 3.68100e-04 7.93095e-06 7.93095e-06 5.90000e-06 5.90000e-06 
3.10046e+01 4.27300e-04 8.91403e-06 8.91403e-06 6.50000e-06 6.50000e-06 
2.94351e+01 5.06300e-04 1.01823e-05 1.01823e-05 7.20000e-06 7.20000e-06 
2.79559e+01 5.74700e-04 1.14560e-05 1.14560e-05 8.00000e-06 8.00000e-06 
2.65664e+01 6.75700e-04 1.30908e-05 1.30908e-05 8.90000e-06 8.90000e-06 
2.52519e+01 7.64700e-04 1.45836e-05 1.45836e-05 9.80000e-06 9.80000e-06 
2.40125e+01 9.03100e-04 1.68671e-05 1.68671e-05 1.11000e-05 1.11000e-05 
2.28275e+01 1.01800e-03 1.84391e-05 1.84391e-05 1.20000e-05 1.20000e-05 
8.36660e+02 1.92700e-08 1.17418e-08 1.17418e-08 1.08700e-08 1.08700e-08 
5.91608e+02 8.31200e-08 1.84351e-08 1.84351e-08 1.67500e-08 1.67500e-08 
4.30116e+02 2.49100e-07 3.00128e-08 3.00128e-08 2.86000e-08 2.86000e-08 
3.27567e+02 5.77300e-07 5.18185e-08 5.18185e-08 4.96000e-08 4.96000e-08 
2.62275e+02 1.15800e-06 8.12712e-08 8.12712e-08 7.70000e-08 7.70000e-08 
2.16551e+02 1.87100e-06 1.17652e-07 1.17652e-07 1.11000e-07 1.11000e-07 
1.83274e+02 3.20100e-06 1.73692e-07 1.73692e-07 1.63000e-07 1.63000e-07 
1.59000e+02 4.59500e-06 2.36425e-07 2.36425e-07 2.21000e-07 2.21000e-07 
1.40202e+02 6.99800e-06 3.27771e-07 3.27771e-07 3.03000e-07 3.03000e-07 
1.25063e+02 8.67700e-06 4.05188e-07 4.05188e-07 3.76000e-07 3.76000e-07 
1.12713e+02 1.17300e-05 5.20000e-07 5.20000e-07 4.80000e-07 4.80000e-07 
1.02586e+02 1.46100e-05 6.40781e-07 6.40781e-07 5.90000e-07 5.90000e-07 
9.40523e+01 2.03700e-05 7.64788e-07 7.64788e-07 6.80000e-07 6.80000e-07 
8.67078e+01 2.51100e-05 9.12414e-07 9.12414e-07 8.10000e-07 8.10000e-07 
8.03092e+01 3.01300e-05 1.06471e-06 1.06471e-06 9.40000e-07 9.40000e-07 
7.46626e+01 3.82600e-05 1.27142e-06 1.27142e-06 1.11000e-06 1.11000e-06 
6.96345e+01 4.36700e-05 1.44627e-06 1.44627e-06 1.26000e-06 1.26000e-06 
6.51248e+01 5.50200e-05 1.73046e-06 1.73046e-06 1.49000e-06 1.49000e-06 
6.10440e+01 6.11500e-05 1.90539e-06 1.90539e-06 1.64000e-06 1.64000e-06 
6.26418e+00 4.92300e-02 6.32456e-04 6.32456e-04 2.00000e-04 2.00000e-04 
5.73934e+00 6.27800e-02 8.00062e-04 8.00062e-04 2.50000e-04 2.50000e-04 
5.23927e+00 8.20800e-02 1.03740e-03 1.03740e-03 3.10000e-04 3.10000e-04 
4.76445e+00 1.06900e-01 1.36015e-03 1.36015e-03 4.00000e-04 4.00000e-04 
4.32490e+00 1.38900e-01 1.67631e-03 1.67631e-03 5.00000e-04 5.00000e-04 
3.92015e+00 1.80900e-01 2.18403e-03 2.18403e-03 6.00000e-04 6.00000e-04 
3.54017e+00 2.33800e-01 2.91204e-03 2.91204e-03 8.00000e-04 8.00000e-04 
3.17490e+00 3.02400e-01 3.73631e-03 3.73631e-03 1.00000e-03 1.00000e-03 
2.81957e+00 3.98300e-01 5.06952e-03 5.06952e-03 1.30000e-03 1.30000e-03 
2.47417e+00 5.34100e-01 6.98570e-03 6.98570e-03 1.60000e-03 1.60000e-03 
2.14942e+00 7.00300e-01 9.75141e-03 9.75141e-03 2.20000e-03 2.20000e-03 
1.85472e+00 9.23900e-01 1.42636e-02 1.42636e-02 3.20000e-03 3.20000e-03 
1.58468e+00 1.19600e+00 2.15870e-02 2.15870e-02 5.00000e-03 5.00000e-03 
1.33462e+00 1.52800e+00 3.27567e-02 3.27567e-02 7.00000e-03 7.00000e-03 
1.11005e+00 1.92900e+00 5.02195e-02 5.02195e-02 1.10000e-02 1.10000e-02 
9.10055e-01 2.27200e+00 7.27805e-02 7.27805e-02 1.60000e-02 1.60000e-02 
7.30068e-01 2.57600e+00 1.08931e-01 1.08931e-01 2.90000e-02 2.90000e-02 
5.70088e-01 2.66900e+00 1.78219e-01 1.78219e-01 1.09000e-01 1.09000e-01 
2.16828e+01 1.21400e-03 2.20227e-05 2.20227e-05 1.40000e-05 1.40000e-05 
2.05778e+01 1.45400e-03 2.50000e-05 2.50000e-05 1.50000e-05 1.50000e-05 
1.95079e+01 1.66600e-03 2.86007e-05 2.86007e-05 1.70000e-05 1.70000e-05 
1.84781e+01 1.93300e-03 3.22025e-05 3.22025e-05 1.90000e-05 1.90000e-05 
1.74831e+01 2.29300e-03 3.80132e-05 3.80132e-05 2.20000e-05 2.20000e-05 
1.65182e+01 2.71800e-03 4.46542e-05 4.46542e-05 2.50000e-05 2.50000e-05 
1.55884e+01 3.26200e-03 5.21536e-05 5.21536e-05 2.80000e-05 2.80000e-05 
1.46883e+01 3.86400e-03 6.02080e-05 6.02080e-05 3.20000e-05 3.20000e-05 
1.38236e+01 4.64300e-03 7.13442e-05 7.13442e-05 3.70000e-05 3.70000e-05 
1.29935e+01 5.66800e-03 8.59593e-05 8.59593e-05 4.20000e-05 4.20000e-05 
1.21886e+01 6.91800e-03 1.02000e-04 1.02000e-04 4.80000e-05 4.80000e-05 
1.14137e+01 8.30200e-03 1.21198e-04 1.21198e-04 5.50000e-05 5.50000e-05 
1.06739e+01 1.00700e-02 1.43178e-04 1.43178e-04 6.00000e-05 6.00000e-05 
9.96385e+00 1.24200e-02 1.74642e-04 1.74642e-04 7.00000e-05 7.00000e-05 
9.27895e+00 1.53000e-02 2.06155e-04 2.06155e-04 8.00000e-05 8.00000e-05 
8.61887e+00 1.90000e-02 2.60000e-04 2.60000e-04 1.00000e-04 1.00000e-04 
7.98918e+00 2.40600e-02 3.23110e-04 3.23110e-04 1.20000e-04 1.20000e-04 
7.38911e+00 3.01800e-02 3.95601e-04 3.95601e-04 1.40000e-04 1.40000e-04 
6.81425e+00 3.89000e-02 5.09215e-04 5.09215e-04 1.70000e-04 1.70000e-04 
