#Source: CRDB
#Ref: 10.1103/PhysRevLett.108.011103 (2012PhRvL.108a1103A)
#Experiment: FERMI
#Quantity: e+
#Units: kinetic energy
#Url: https://lpsc.in2p3.fr/crdb
#Comments: 
1.78326e+02 9.11000e-06 5.05964e-06 4.97293e-06 4.80000e-06 4.80000e-06 
1.41542e+02 1.28000e-05 4.92443e-06 4.74342e-06 4.50000e-06 4.50000e-06 
1.12250e+02 1.83000e-05 6.35059e-06 6.10983e-06 5.70000e-06 5.70000e-06 
8.92188e+01 3.90000e-05 1.29244e-05 1.28515e-05 1.20000e-05 1.20000e-05 
7.09276e+01 5.52000e-05 1.55641e-05 1.54777e-05 1.40000e-05 1.40000e-05 
5.63262e+01 1.07000e-04 1.91050e-05 1.84391e-05 1.40000e-05 1.40000e-05 
4.47547e+01 2.18000e-04 3.10644e-05 3.02324e-05 1.70000e-05 1.70000e-05 
3.55644e+01 4.34000e-04 5.47814e-05 5.29245e-05 2.00000e-05 2.00000e-05 
2.82638e+01 8.02000e-04 1.04120e-04 1.04120e-04 2.90000e-05 2.90000e-05 
2.24499e+01 1.60000e-03 2.15870e-04 2.06155e-04 5.00000e-05 5.00000e-05 
