#Source: CRDB
#Ref: 10.1103/PhysRevLett.111.081102 (2013PhRvL.111h1102A)
#Experiment: PAMELA
#Quantity: e+
#Units: kinetic energy
#Url: https://lpsc.in2p3.fr/crdb
#Comments: 
1.41421e+02 1.17600e-05 3.53102e-06 3.53102e-06 2.59000e-06 2.59000e-06 
8.06226e+01 3.45000e-05 7.58222e-06 7.58222e-06 5.70000e-06 5.70000e-06 
5.22494e+01 1.08600e-04 1.78393e-05 1.78393e-05 1.32000e-05 1.32000e-05 
3.42929e+01 3.25000e-04 4.24264e-05 4.24264e-05 3.00000e-05 3.00000e-05 
2.36643e+01 9.22000e-04 1.05646e-04 1.05646e-04 6.90000e-05 6.90000e-05 
1.73205e+01 2.30200e-03 2.21452e-04 2.21452e-04 1.29000e-04 1.29000e-04 
1.39642e+01 4.81600e-03 4.85412e-04 4.85412e-04 2.75000e-04 2.75000e-04 
1.14018e+01 8.38000e-03 6.84763e-04 6.84763e-04 3.30000e-04 3.30000e-04 
8.94427e+00 1.71400e-02 1.35070e-03 1.35070e-03 6.20000e-04 6.20000e-04 
6.92820e+00 3.84400e-02 2.78568e-03 2.78568e-03 1.00000e-03 1.00000e-03 
5.47723e+00 7.99100e-02 5.49117e-03 5.49117e-03 2.27000e-03 2.27000e-03 
4.58258e+00 1.36800e-01 9.62081e-03 9.62081e-03 3.40000e-03 3.40000e-03 
3.83406e+00 2.25700e-01 1.58114e-02 1.58114e-02 5.00000e-03 5.00000e-03 
3.07409e+00 4.11100e-01 2.68002e-02 2.68002e-02 6.50000e-03 6.50000e-03 
2.38118e+00 8.08300e-01 5.21518e-02 5.21518e-02 1.09000e-02 1.09000e-02 
1.94422e+00 1.26240e+00 8.26097e-02 8.26097e-02 2.06000e-02 2.06000e-02 
1.64317e+00 1.76246e+00 1.13481e-01 1.13481e-01 2.36000e-02 2.36000e-02 
