#Source: CRDB
#Ref: 10.1103/PhysRevLett.108.011103 (2012PhRvL.108a1103A)
#Experiment: FERMI
#Y Quantity: e+
#X Quantity: kineticEnergy
#Url: https://lpsc.in2p3.fr/crdb
#Comments: 
#Colums: x, y, y statistical errors, y systematic errors
2.240e+01 1.600e-03 5.000e-05 5.000e-05 2.100e-04 2.000e-04 
2.820e+01 8.020e-04 2.900e-05 2.900e-05 1.000e-04 1.000e-04 
3.549e+01 4.340e-04 2.000e-05 2.000e-05 5.100e-05 4.900e-05 
4.466e+01 2.180e-04 1.700e-05 1.700e-05 2.600e-05 2.500e-05 
5.620e+01 1.070e-04 1.400e-05 1.400e-05 1.300e-05 1.200e-05 
7.077e+01 5.520e-05 1.400e-05 1.400e-05 6.800e-06 6.600e-06 
8.903e+01 3.900e-05 1.200e-05 1.200e-05 4.800e-06 4.600e-06 
1.120e+02 1.830e-05 5.700e-06 5.700e-06 2.800e-06 2.200e-06 
1.412e+02 1.280e-05 4.500e-06 4.500e-06 2.000e-06 1.500e-06 
1.779e+02 9.110e-06 4.800e-06 4.800e-06 1.600e-06 1.300e-06 
