#Source: SSDC
#Ref: 10.1103/PhysRevLett.111.081102 (2013PhRvL.111h1102A)
#Experiment: PAMELA
#Y Quantity: e+
#X Quantity: kineticEnergy
#Url: https://tools.ssdc.asi.it/CosmicRays/
#Comments: 
#Colums: x, y, y statistical errors, y systematic errors
1.641e+00 1.762e+00 2.360e-02 2.360e-02 1.110e-01 1.110e-01 
1.942e+00 1.262e+00 2.060e-02 2.060e-02 8.000e-02 8.000e-02 
2.375e+00 8.083e-01 1.090e-02 1.090e-02 5.100e-02 5.100e-02 
3.065e+00 4.111e-01 6.500e-03 6.500e-03 2.600e-02 2.600e-02 
3.829e+00 2.257e-01 5.000e-03 5.000e-03 1.500e-02 1.500e-02 
4.577e+00 1.368e-01 3.400e-03 3.400e-03 9.000e-03 9.000e-03 
5.470e+00 7.991e-02 2.270e-03 2.270e-03 5.000e-03 5.000e-03 
6.904e+00 3.844e-02 1.000e-03 1.000e-03 2.600e-03 2.600e-03 
8.926e+00 1.714e-02 6.200e-04 6.200e-04 1.200e-03 1.200e-03 
1.137e+01 8.380e-03 3.300e-04 3.300e-04 6.000e-04 6.000e-04 
1.395e+01 4.816e-03 2.750e-04 2.750e-04 4.000e-04 4.000e-04 
1.726e+01 2.302e-03 1.290e-04 1.290e-04 1.800e-04 1.800e-04 
2.355e+01 9.220e-04 6.900e-05 6.900e-05 8.000e-05 8.000e-05 
3.406e+01 3.250e-04 3.000e-05 3.000e-05 3.000e-05 3.000e-05 
5.184e+01 1.086e-04 1.320e-05 1.320e-05 1.200e-05 1.200e-05 
8.001e+01 3.450e-05 5.700e-06 5.700e-06 5.000e-06 5.000e-06 
1.387e+02 1.176e-05 2.590e-06 2.590e-06 2.400e-06 2.400e-06 
2.433e+02 9.100e-07 0.000e+00 0.000e+00 0.000e+00 0.000e+00 
