Energy_min Energy_max E_avg Model Element Map_Value HDI68_Lower_Error HDI68_Upper_Error hdi_up_95 QCount2_5_Map QCount97_5_Map
* * * * * * * * * * *
17.7 17.8 17.75127781048311 Sibyll2.3e 100 0.2236 0.0277 0.0256 0.276 0.1713 0.2762
17.7 17.8 17.75127781048311 Sibyll2.3e 400 0.4253 0.0518 0.0607 0.538 0.3167 0.5381
17.7 17.8 17.75127781048311 Sibyll2.3e 1400 0.3205 0.0439 0.0384 0.3979 0.2362 0.398
17.7 17.8 17.75127781048311 Sibyll2.3e 5600 0.0306 0.0102 0.0108 0.0521 0.0112 0.0525
* * * * * * * * * * *
17.8 17.9 17.849890953614022 Sibyll2.3e 100 0.3039 0.0272 0.0273 0.3577 0.2505 0.3583
17.8 17.9 17.849890953614022 Sibyll2.3e 400 0.3285 0.0533 0.0589 0.4401 0.2193 0.44
17.8 17.9 17.849890953614022 Sibyll2.3e 1400 0.3369 0.0436 0.0368 0.4131 0.2551 0.4132
17.8 17.9 17.849890953614022 Sibyll2.3e 5600 0.0307 0.0096 0.0108 0.0516 0.0118 0.0521
* * * * * * * * * * *
17.9 18.0 17.948899547485986 Sibyll2.3e 100 0.3578 0.0298 0.0272 0.4136 0.3013 0.4138
17.9 18.0 17.948899547485986 Sibyll2.3e 400 0.277 0.0539 0.0595 0.3906 0.1685 0.3916
17.9 18.0 17.948899547485986 Sibyll2.3e 1400 0.3395 0.0427 0.0351 0.4124 0.2591 0.4118
17.9 18.0 17.948899547485986 Sibyll2.3e 5600 0.0257 0.0085 0.0101 0.045 0.009 0.0455
* * * * * * * * * * *
18.0 18.1 18.048396317097037 Sibyll2.3e 100 0.4353 0.0341 0.0287 0.496 0.3725 0.4958
18.0 18.1 18.048396317097037 Sibyll2.3e 400 0.2029 0.0557 0.0661 0.328 0.0897 0.3287
18.0 18.1 18.048396317097037 Sibyll2.3e 1400 0.342 0.0459 0.0369 0.4163 0.2538 0.4146
18.0 18.1 18.048396317097037 Sibyll2.3e 5600 0.0198 0.0093 0.0109 0.04 0.0034 0.0419
* * * * * * * * * * *
18.1 18.2 18.14735671220488 Sibyll2.3e 100 0.4249 0.0369 0.0309 0.4897 0.3555 0.4893
18.1 18.2 18.14735671220488 Sibyll2.3e 400 0.3147 0.0554 0.0728 0.4491 0.2001 0.4521
18.1 18.2 18.14735671220488 Sibyll2.3e 1400 0.2461 0.0482 0.035 0.3169 0.1523 0.3138
18.1 18.2 18.14735671220488 Sibyll2.3e 5600 0.0143 0.0082 0.0103 0.033 0.0017 0.0363
* * * * * * * * * * *
18.2 18.3 18.247908133753096 Sibyll2.3e 100 0.3822 0.042 0.033 0.4524 0.3062 0.4536
18.2 18.3 18.247908133753096 Sibyll2.3e 400 0.4158 0.0607 0.0819 0.5674 0.2871 0.5672
18.2 18.3 18.247908133753096 Sibyll2.3e 1400 0.1811 0.056 0.0383 0.2628 0.0765 0.2605
18.2 18.3 18.247908133753096 Sibyll2.3e 5600 0.021 0.009 0.0125 0.0435 0.0042 0.0457
* * * * * * * * * * *
18.3 18.4 18.347222067671225 Sibyll2.3e 100 0.3385 0.0465 0.0332 0.4119 0.2598 0.4151
18.3 18.4 18.347222067671225 Sibyll2.3e 400 0.535 0.0531 0.0972 0.6864 0.3972 0.6797
18.3 18.4 18.347222067671225 Sibyll2.3e 1400 0.1011 0.0684 0.031 0.1714 0.0083 0.1869
18.3 18.4 18.347222067671225 Sibyll2.3e 5600 0.0254 0.0084 0.0132 0.0482 0.0073 0.0486
* * * * * * * * * * *
18.4 18.5 18.44715003283898 Sibyll2.3e 100 0.3808 0.0651 0.0264 0.453 0.2757 0.4544
18.4 18.5 18.44715003283898 Sibyll2.3e 400 0.4753 0.0339 0.1275 0.6809 0.3646 0.6754
18.4 18.5 18.44715003283898 Sibyll2.3e 1400 0.1438 0.0802 0.0097 0.1876 0.0172 0.1909
18.4 18.5 18.44715003283898 Sibyll2.3e 5600 0.0001 0.0001 0.0104 0.0216 0 0.0248
* * * * * * * * * * *
18.5 18.6 18.5471969242827 Sibyll2.3e 100 0.238 0.0699 0.0248 0.3106 0.1299 0.3148
18.5 18.6 18.5471969242827 Sibyll2.3e 400 0.6122 0.0207 0.1533 0.8311 0.4953 0.823
18.5 18.6 18.5471969242827 Sibyll2.3e 1400 0.1468 0.1069 0.0027 0.1844 0.0075 0.2005
18.5 18.6 18.5471969242827 Sibyll2.3e 5600 0.003 0.003 0.0154 0.033 0.0007 0.037
* * * * * * * * * * *
18.6 18.7 18.647610960366155 Sibyll2.3e 100 0.2756 0.0711 0.0346 0.3649 0.1585 0.3668
18.6 18.7 18.647610960366155 Sibyll2.3e 400 0.4917 0.0443 0.1547 0.7429 0.3492 0.7419
18.6 18.7 18.647610960366155 Sibyll2.3e 1400 0.232 0.108 0.014 0.3003 0.0554 0.299
18.6 18.7 18.647610960366155 Sibyll2.3e 5600 0.0008 0.0008 0.0145 0.0306 0.0005 0.0352
* * * * * * * * * * *
18.7 18.8 18.746488840779268 Sibyll2.3e 100 0.0229 0.0229 0.0284 0.1012 0.0018 0.1164
18.7 18.8 18.746488840779268 Sibyll2.3e 400 0.8203 0.0666 0.0787 0.9585 0.659 0.9489
18.7 18.8 18.746488840779268 Sibyll2.3e 1400 0.1568 0.0806 0.0339 0.2407 0.0216 0.2456
18.7 18.8 18.746488840779268 Sibyll2.3e 5600 0.0 0.0 0.0086 0.021 0 0.0252
* * * * * * * * * * *
18.8 18.9 18.847177883670252 Sibyll2.3e 100 0.0 0.0 0.0457 0.1009 0 0.1186
18.8 18.9 18.847177883670252 Sibyll2.3e 400 0.8204 0.0947 0.0602 0.9418 0.6193 0.9291
18.8 18.9 18.847177883670252 Sibyll2.3e 1400 0.1736 0.0908 0.0465 0.2729 0.0228 0.2831
18.8 18.9 18.847177883670252 Sibyll2.3e 5600 0.0059 0.0059 0.0169 0.044 0.0008 0.0503
* * * * * * * * * * *
18.9 19.0 18.949499502378234 Sibyll2.3e 100 0.0001 0.0001 0.0358 0.0814 0 0.0962
18.9 19.0 18.949499502378234 Sibyll2.3e 400 0.834 0.0881 0.0772 0.978 0.648 0.9643
18.9 19.0 18.949499502378234 Sibyll2.3e 1400 0.1658 0.1023 0.049 0.2618 0.0089 0.2855
18.9 19.0 18.949499502378234 Sibyll2.3e 5600 0.0001 0.0001 0.0113 0.0272 0 0.0325
* * * * * * * * * * *
19.0 19.1 19.047456932544492 Sibyll2.3e 100 0.0003 0.0003 0.0538 0.1187 0 0.1395
19.0 19.1 19.047456932544492 Sibyll2.3e 400 0.7106 0.1309 0.0613 0.8512 0.45 0.8431
19.0 19.1 19.047456932544492 Sibyll2.3e 1400 0.289 0.0881 0.0738 0.4435 0.1205 0.443
19.0 19.1 19.047456932544492 Sibyll2.3e 5600 0.0 0.0 0.0124 0.0308 0 0.0374
* * * * * * * * * * *
19.1 19.2 19.147320768498926 Sibyll2.3e 100 0.0001 0.0001 0.0282 0.0723 0 0.0882
19.1 19.2 19.147320768498926 Sibyll2.3e 400 0.5331 0.1024 0.0936 0.7171 0.3269 0.7165
19.1 19.2 19.147320768498926 Sibyll2.3e 1400 0.4666 0.1198 0.0678 0.6229 0.2531 0.6223
19.1 19.2 19.147320768498926 Sibyll2.3e 5600 0.0001 0.0001 0.0125 0.0318 0 0.0388
* * * * * * * * * * *
19.2 19.3 19.248423122049356 Sibyll2.3e 100 0.0783 0.0782 0.0541 0.2353 0.0055 0.2624
19.2 19.3 19.248423122049356 Sibyll2.3e 400 0.3485 0.1638 0.1863 0.6433 0.0425 0.6711
19.2 19.3 19.248423122049356 Sibyll2.3e 1400 0.5732 0.1727 0.09 0.7668 0.2579 0.7564
19.2 19.3 19.248423122049356 Sibyll2.3e 5600 0.0 0.0 0.0228 0.0565 0 0.0685
* * * * * * * * * * *
19.3 19.4 19.346213561991412 Sibyll2.3e 100 0.0079 0.0079 0.0744 0.16 0.0027 0.1829
19.3 19.4 19.346213561991412 Sibyll2.3e 400 0.2603 0.1999 0.0519 0.4237 0.015 0.4652
19.3 19.4 19.346213561991412 Sibyll2.3e 1400 0.7318 0.1222 0.0942 0.898 0.4617 0.8827
19.3 19.4 19.346213561991412 Sibyll2.3e 5600 0.0 0.0 0.0302 0.073 0 0.0874
* * * * * * * * * * *
19.4 19.5 19.444663316573514 Sibyll2.3e 100 0.0 0.0 0.0915 0.1917 0 0.2208
19.4 19.5 19.444663316573514 Sibyll2.3e 400 0.225 0.2149 0.0487 0.4571 0.0114 0.5097
19.4 19.5 19.444663316573514 Sibyll2.3e 1400 0.7006 0.2322 0.0891 0.8911 0.229 0.8662
19.4 19.5 19.444663316573514 Sibyll2.3e 5600 0.0744 0.0545 0.0929 0.2618 0.0087 0.2934
* * * * * * * * * * *
19.5 19.6 19.549438511046496 Sibyll2.3e 100 0.0019 0.0019 0.1194 0.2486 0 0.2873
19.5 19.6 19.549438511046496 Sibyll2.3e 400 0.2286 0.2286 0.0669 0.5588 0.0103 0.6329
19.5 19.6 19.549438511046496 Sibyll2.3e 1400 0.7695 0.2665 0.0523 0.9125 0.2381 0.8847
19.5 19.6 19.549438511046496 Sibyll2.3e 5600 0.0 0.0 0.0551 0.138 0 0.1668
* * * * * * * * * * *
19.6 21.0 19.710021587760483 Sibyll2.3e 100 0.0003 0.0003 0.0602 0.1452 0 0.1737
19.6 21.0 19.710021587760483 Sibyll2.3e 400 0.0007 0.0007 0.1411 0.3226 0 0.3789
19.6 21.0 19.710021587760483 Sibyll2.3e 1400 0.8411 0.3712 -0.044 0.9037 0.2204 0.877
19.6 21.0 19.710021587760483 Sibyll2.3e 5600 0.158 0.0557 0.1703 0.4466 0.039 0.4706
