# logE_min [GeV] - log_Emax [GeV] - flux [GeV-1 m-2 s-1 sr-1] - stat - sys_MC - sys_up - sys_do
4.0 4.1 4.7968e-7  0.0002e-7  0.5901e-7  0.4288e-7  0.8530e-7
4.1 4.2 2.6922e-7  0.0001e-7  0.2323e-7  0.2360e-7  0.4467e-7
4.2 4.3 1.5163e-7  0.0001e-7  0.1189e-7  0.1315e-7  0.2356e-7
4.3 4.4 8.4947e-8  0.0007e-8  0.7137e-8  0.7352e-8  1.2419e-8
4.4 4.5 4.7823e-8  0.0005e-8  0.3896e-8  0.4171e-8  0.6614e-8
4.5 4.6 2.6761e-8  0.0003e-8  0.2536e-8  0.2377e-8  0.3522e-8
4.6 4.7 1.4823e-8  0.0002e-8  0.1305e-8  0.1357e-8  0.1869e-8
4.7 4.8 8.1839e-9  0.0015e-9  0.8041e-9  0.7830e-9  0.9947e-9
4.8 4.9 4.4769e-9  0.0010e-9  0.4488e-9  0.4547e-9  0.5281e-9
4.9 5.0 2.4193e-9  0.0007e-9  0.2504e-9  0.2655e-9  0.2787e-9
5.0 5.1 1.2781e-9  0.0004e-9  0.1349e-9  0.1544e-9  0.1447e-9
5.1 5.2 6.7636e-10 0.0027e-10 0.6441e-10 0.9164e-10 0.7576e-10
5.2 5.3 3.5835e-10 0.0017e-10 0.3331e-10 0.5544e-10 0.3995e-10
5.3 5.4 1.9107e-10 0.0011e-10 0.1644e-10 0.3430e-10 0.2134e-10
5.4 5.5 1.0346e-10 0.0007e-10 0.0892e-10 0.2184e-10 0.1166e-10
5.5 5.6 5.4882e-11 0.0047e-11 0.4659e-11 1.3920e-11 0.6286e-11
5.6 5.7 2.9284e-11 0.0030e-11 0.2402e-11 0.9642e-11 0.3441e-11

