#E - errLo - errUp [GeV] - E2I - errLo - errUp [GeV m-2 s-1 sr-1]
1.189e-01 1.891e-02 2.249e-02 3.293e-03 1.735e-03 8.072e-04
1.682e-01 2.677e-02 3.183e-02 2.861e-03 1.697e-03 9.031e-04
2.378e-01 3.782e-02 4.498e-02 2.514e-03 1.607e-03 9.531e-04
3.363e-01 5.353e-02 6.367e-02 2.237e-03 1.472e-03 9.123e-04
4.757e-01 7.569e-02 9.001e-02 2.134e-03 1.230e-03 7.920e-04
6.727e-01 1.070e-01 1.273e-01 2.190e-03 1.023e-03 6.603e-04
9.514e-01 1.514e-01 1.800e-01 1.838e-03 8.405e-04 6.142e-04
1.345e+00 2.141e-01 2.545e-01 1.438e-03 6.464e-04 6.430e-04
1.903e+00 3.027e-01 3.600e-01 1.147e-03 6.718e-04 6.698e-04
2.691e+00 4.281e-01 5.092e-01 1.058e-03 5.952e-04 6.285e-04
3.805e+00 6.055e-01 7.200e-01 8.867e-04 5.392e-04 6.039e-04
5.382e+00 8.562e-01 1.018e+00 7.863e-04 4.722e-04 5.742e-04
7.611e+00 1.211e+00 1.440e+00 7.292e-04 3.998e-04 5.215e-04
1.076e+01 1.712e+00 2.037e+00 8.201e-04 3.355e-04 4.428e-04
1.522e+01 2.422e+00 2.880e+00 6.148e-04 2.438e-04 3.825e-04
2.153e+01 3.425e+00 4.073e+00 5.702e-04 2.229e-04 3.196e-04
3.044e+01 4.844e+00 5.760e+00 4.722e-04 1.842e-04 2.589e-04
4.305e+01 6.850e+00 8.146e+00 4.525e-04 1.771e-04 2.154e-04
6.089e+01 9.687e+00 1.152e+01 3.861e-04 1.540e-04 1.716e-04
8.611e+01 1.370e+01 1.629e+01 3.105e-04 1.270e-04 1.363e-04
1.218e+02 1.937e+01 2.304e+01 1.883e-04 8.532e-05 1.018e-04
1.722e+02 2.740e+01 3.258e+01 1.686e-04 7.841e-05 8.118e-05
2.435e+02 3.875e+01 4.608e+01 1.149e-04 6.174e-05 6.505e-05
3.444e+02 5.480e+01 6.517e+01 1.101e-04 6.387e-05 6.767e-05
4.871e+02 7.750e+01 9.216e+01 3.570e-05 3.923e-05 4.598e-05
6.889e+02 1.096e+02 1.303e+02 2.897e-07 2.370e-05 3.232e-05
