# My local database
# 
# T [GeV] flux [m-2 s-1 sr-1 GeV-1] total_error_low total_error_high
 2.386e-01  5.301e-01  0.000e+00  0.000e+00
 3.785e-01  5.976e-01  0.000e+00  0.000e+00
 5.993e-01  5.834e-01  0.000e+00  0.000e+00
 9.546e-01  5.881e-01  0.000e+00  0.000e+00
 1.508e+00  5.381e-01  0.000e+00  0.000e+00
 2.386e+00  4.381e-01  0.000e+00  0.000e+00
 3.785e+00  3.341e-01  0.000e+00  0.000e+00
 6.005e+00  2.425e-01  0.000e+00  0.000e+00
 9.528e+00  1.516e-01  0.000e+00  0.000e+00
 1.494e+01  1.140e-01  0.000e+00  0.000e+00
 2.381e+01  9.236e-02  0.000e+00  0.000e+00
 3.764e+01  7.735e-02  0.000e+00  0.000e+00
 5.974e+01  6.330e-02  0.000e+00  0.000e+00
 9.507e+01  5.050e-02  0.000e+00  0.000e+00
