# My local database
# 
# T [GeV] flux [m-2 s-1 sr-1 GeV-1] total_error_low total_error_high
 1.189e-01  3.293e-03  6.551e-04  6.551e-04
 1.682e-01  2.861e-03  7.258e-04  7.258e-04
 2.378e-01  2.514e-03  7.354e-04  7.354e-04
 3.363e-01  2.237e-03  6.693e-04  6.693e-04
 4.757e-01  2.134e-03  4.790e-04  4.790e-04
 6.727e-01  2.190e-03  2.711e-04  2.711e-04
 9.514e-01  1.838e-03  2.086e-04  2.086e-04
 1.345e+00  1.438e-03  1.729e-04  1.729e-04
 1.903e+00  1.147e-03  1.563e-04  1.563e-04
 2.691e+00  1.058e-03  1.116e-04  1.116e-04
 3.805e+00  8.867e-04  1.149e-04  1.149e-04
 5.382e+00  7.863e-04  1.283e-04  1.283e-04
 7.611e+00  7.292e-04  1.123e-04  1.123e-04
 1.076e+01  8.201e-04  1.064e-04  1.064e-04
 1.522e+01  6.148e-04  8.141e-05  8.141e-05
 2.153e+01  5.702e-04  7.029e-05  7.029e-05
 3.044e+01  4.722e-04  5.742e-05  5.742e-05
 4.305e+01  4.525e-04  5.377e-05  5.377e-05
 6.089e+01  3.861e-04  4.822e-05  4.822e-05
 8.611e+01  3.105e-04  4.303e-05  4.303e-05
 1.218e+02  1.883e-04  3.496e-05  3.496e-05
 1.722e+02  1.686e-04  3.513e-05  3.513e-05
 2.435e+02  1.149e-04  3.322e-05  3.322e-05
 3.444e+02  1.101e-04  3.744e-05  3.744e-05
 4.871e+02  3.570e-05  2.757e-05  2.757e-05
